# wave flux
# c_bin1.dat from Lancon 2002
# http://vizier.u-strasbg.fr/viz-bin/VizieR?-source=J/A%2BA/393/167
  5100.  0.45450E-05
  5105.  0.45249E-05
  5110.  0.44390E-05
  5115.  0.43271E-05
  5120.  0.42197E-05
  5125.  0.41415E-05
  5130.  0.40994E-05
  5135.  0.41417E-05
  5140.  0.42684E-05
  5145.  0.44924E-05
  5150.  0.48119E-05
  5155.  0.52583E-05
  5160.  0.58572E-05
  5165.  0.66124E-05
  5170.  0.75077E-05
  5175.  0.85441E-05
  5180.  0.96195E-05
  5185.  0.10668E-04
  5190.  0.11655E-04
  5195.  0.12571E-04
  5200.  0.13390E-04
  5205.  0.14074E-04
  5210.  0.14603E-04
  5215.  0.15016E-04
  5220.  0.15359E-04
  5225.  0.15597E-04
  5230.  0.15697E-04
  5235.  0.15728E-04
  5240.  0.15763E-04
  5245.  0.15741E-04
  5250.  0.15562E-04
  5255.  0.15315E-04
  5260.  0.15093E-04
  5265.  0.14914E-04
  5270.  0.14775E-04
  5275.  0.14697E-04
  5280.  0.14694E-04
  5285.  0.14762E-04
  5290.  0.14930E-04
  5295.  0.15124E-04
  5300.  0.15307E-04
  5305.  0.15513E-04
  5310.  0.15745E-04
  5315.  0.15986E-04
  5320.  0.16210E-04
  5325.  0.16391E-04
  5330.  0.16518E-04
  5335.  0.16597E-04
  5340.  0.16671E-04
  5345.  0.16728E-04
  5350.  0.16685E-04
  5355.  0.16542E-04
  5360.  0.16396E-04
  5365.  0.16231E-04
  5370.  0.15994E-04
  5375.  0.15699E-04
  5380.  0.15388E-04
  5385.  0.15060E-04
  5390.  0.14752E-04
  5395.  0.14482E-04
  5400.  0.14240E-04
  5405.  0.14046E-04
  5410.  0.13898E-04
  5415.  0.13787E-04
  5420.  0.13704E-04
  5425.  0.13617E-04
  5430.  0.13504E-04
  5435.  0.13404E-04
  5440.  0.13320E-04
  5445.  0.13206E-04
  5450.  0.13059E-04
  5455.  0.12886E-04
  5460.  0.12663E-04
  5465.  0.12421E-04
  5470.  0.12202E-04
  5475.  0.12001E-04
  5480.  0.11792E-04
  5485.  0.11569E-04
  5490.  0.11382E-04
  5495.  0.11271E-04
  5500.  0.11167E-04
  5505.  0.11044E-04
  5510.  0.10974E-04
  5515.  0.10972E-04
  5520.  0.11009E-04
  5525.  0.11052E-04
  5530.  0.11084E-04
  5535.  0.11108E-04
  5540.  0.11140E-04
  5545.  0.11184E-04
  5550.  0.11232E-04
  5555.  0.11295E-04
  5560.  0.11366E-04
  5565.  0.11426E-04
  5570.  0.11495E-04
  5575.  0.11588E-04
  5580.  0.11726E-04
  5585.  0.11899E-04
  5590.  0.12050E-04
  5595.  0.12176E-04
  5600.  0.12266E-04
  5605.  0.12297E-04
  5610.  0.12257E-04
  5615.  0.12231E-04
  5620.  0.12347E-04
  5625.  0.12726E-04
  5630.  0.13472E-04
  5635.  0.14567E-04
  5640.  0.15985E-04
  5645.  0.17581E-04
  5650.  0.19245E-04
  5655.  0.20796E-04
  5660.  0.22185E-04
  5665.  0.23409E-04
  5670.  0.24391E-04
  5675.  0.25138E-04
  5680.  0.25636E-04
  5685.  0.25973E-04
  5690.  0.26222E-04
  5695.  0.26470E-04
  5700.  0.26720E-04
  5705.  0.26865E-04
  5710.  0.26789E-04
  5715.  0.26503E-04
  5720.  0.26025E-04
  5725.  0.25343E-04
  5730.  0.24517E-04
  5735.  0.23621E-04
  5740.  0.22784E-04
  5745.  0.22136E-04
  5750.  0.21697E-04
  5755.  0.21439E-04
  5760.  0.21340E-04
  5765.  0.21454E-04
  5770.  0.21724E-04
  5775.  0.22094E-04
  5780.  0.22498E-04
  5785.  0.22932E-04
  5790.  0.23398E-04
  5795.  0.23889E-04
  5800.  0.24405E-04
  5805.  0.24949E-04
  5810.  0.25484E-04
  5815.  0.25957E-04
  5820.  0.26346E-04
  5825.  0.26615E-04
  5830.  0.26708E-04
  5835.  0.26645E-04
  5840.  0.26438E-04
  5845.  0.26037E-04
  5850.  0.25370E-04
  5855.  0.24523E-04
  5860.  0.23585E-04
  5865.  0.22619E-04
  5870.  0.21601E-04
  5875.  0.20617E-04
  5880.  0.19730E-04
  5885.  0.18991E-04
  5890.  0.18496E-04
  5895.  0.18303E-04
  5900.  0.18395E-04
  5905.  0.18711E-04
  5910.  0.19195E-04
  5915.  0.19767E-04
  5920.  0.20381E-04
  5925.  0.20909E-04
  5930.  0.21328E-04
  5935.  0.21709E-04
  5940.  0.22093E-04
  5945.  0.22453E-04
  5950.  0.22777E-04
  5955.  0.23069E-04
  5960.  0.23305E-04
  5965.  0.23471E-04
  5970.  0.23538E-04
  5975.  0.23442E-04
  5980.  0.23217E-04
  5985.  0.22893E-04
  5990.  0.22487E-04
  5995.  0.22067E-04
  6000.  0.21754E-04
  6005.  0.21566E-04
  6010.  0.21526E-04
  6015.  0.21640E-04
  6020.  0.21876E-04
  6025.  0.22196E-04
  6030.  0.22576E-04
  6035.  0.22946E-04
  6040.  0.23287E-04
  6045.  0.23673E-04
  6050.  0.24112E-04
  6055.  0.24628E-04
  6060.  0.25237E-04
  6065.  0.25859E-04
  6070.  0.26428E-04
  6075.  0.26892E-04
  6080.  0.27218E-04
  6085.  0.27304E-04
  6090.  0.27152E-04
  6095.  0.26910E-04
  6100.  0.26626E-04
  6105.  0.26324E-04
  6110.  0.26097E-04
  6115.  0.26080E-04
  6120.  0.26226E-04
  6125.  0.26405E-04
  6130.  0.26515E-04
  6135.  0.26576E-04
  6140.  0.26605E-04
  6145.  0.26578E-04
  6150.  0.26506E-04
  6155.  0.26422E-04
  6160.  0.26348E-04
  6165.  0.26263E-04
  6170.  0.26176E-04
  6175.  0.26104E-04
  6180.  0.26071E-04
  6185.  0.26032E-04
  6190.  0.25960E-04
  6195.  0.25821E-04
  6200.  0.25607E-04
  6205.  0.25353E-04
  6210.  0.25087E-04
  6215.  0.24868E-04
  6220.  0.24802E-04
  6225.  0.24904E-04
  6230.  0.25136E-04
  6235.  0.25433E-04
  6240.  0.25793E-04
  6245.  0.26123E-04
  6250.  0.26379E-04
  6255.  0.26598E-04
  6260.  0.26802E-04
  6265.  0.27005E-04
  6270.  0.27264E-04
  6275.  0.27666E-04
  6280.  0.28216E-04
  6285.  0.28779E-04
  6290.  0.29241E-04
  6295.  0.29521E-04
  6300.  0.29683E-04
  6305.  0.29791E-04
  6310.  0.29764E-04
  6315.  0.29543E-04
  6320.  0.29177E-04
  6325.  0.28687E-04
  6330.  0.28102E-04
  6335.  0.27422E-04
  6340.  0.26746E-04
  6345.  0.26194E-04
  6350.  0.25803E-04
  6355.  0.25565E-04
  6360.  0.25536E-04
  6365.  0.25727E-04
  6370.  0.26055E-04
  6375.  0.26497E-04
  6380.  0.26949E-04
  6385.  0.27379E-04
  6390.  0.27758E-04
  6395.  0.28097E-04
  6400.  0.28418E-04
  6405.  0.28720E-04
  6410.  0.29006E-04
  6415.  0.29277E-04
  6420.  0.29528E-04
  6425.  0.29785E-04
  6430.  0.30061E-04
  6435.  0.30333E-04
  6440.  0.30514E-04
  6445.  0.30555E-04
  6450.  0.30468E-04
  6455.  0.30304E-04
  6460.  0.30016E-04
  6465.  0.29566E-04
  6470.  0.29017E-04
  6475.  0.28455E-04
  6480.  0.27858E-04
  6485.  0.27211E-04
  6490.  0.26631E-04
  6495.  0.26241E-04
  6500.  0.26089E-04
  6505.  0.26222E-04
  6510.  0.26660E-04
  6515.  0.27372E-04
  6520.  0.28184E-04
  6525.  0.29020E-04
  6530.  0.29926E-04
  6535.  0.30843E-04
  6540.  0.31649E-04
  6545.  0.32314E-04
  6550.  0.32918E-04
  6555.  0.33415E-04
  6560.  0.33739E-04
  6565.  0.33925E-04
  6570.  0.34027E-04
  6575.  0.34072E-04
  6580.  0.34085E-04
  6585.  0.34141E-04
  6590.  0.34356E-04
  6595.  0.34748E-04
  6600.  0.35246E-04
  6605.  0.35698E-04
  6610.  0.36003E-04
  6615.  0.36082E-04
  6620.  0.35907E-04
  6625.  0.35500E-04
  6630.  0.34903E-04
  6635.  0.34230E-04
  6640.  0.33549E-04
  6645.  0.32954E-04
  6650.  0.32494E-04
  6655.  0.32235E-04
  6660.  0.32263E-04
  6665.  0.32619E-04
  6670.  0.33250E-04
  6675.  0.34074E-04
  6680.  0.35004E-04
  6685.  0.36005E-04
  6690.  0.37055E-04
  6695.  0.38052E-04
  6700.  0.38858E-04
  6705.  0.39436E-04
  6710.  0.39894E-04
  6715.  0.40328E-04
  6720.  0.40722E-04
  6725.  0.41014E-04
  6730.  0.41245E-04
  6735.  0.41492E-04
  6740.  0.41824E-04
  6745.  0.42277E-04
  6750.  0.42901E-04
  6755.  0.43582E-04
  6760.  0.44155E-04
  6765.  0.44569E-04
  6770.  0.44791E-04
  6775.  0.44845E-04
  6780.  0.44755E-04
  6785.  0.44516E-04
  6790.  0.44134E-04
  6795.  0.43805E-04
  6800.  0.43626E-04
  6805.  0.43467E-04
  6810.  0.43308E-04
  6815.  0.43258E-04
  6820.  0.43343E-04
  6825.  0.43521E-04
  6830.  0.43786E-04
  6835.  0.44138E-04
  6840.  0.44516E-04
  6845.  0.44979E-04
  6850.  0.45668E-04
  6855.  0.46626E-04
  6860.  0.47911E-04
  6865.  0.49540E-04
  6870.  0.51249E-04
  6875.  0.52738E-04
  6880.  0.53450E-04
  6885.  0.53205E-04
  6890.  0.52064E-04
  6895.  0.50317E-04
  6900.  0.48201E-04
  6905.  0.45721E-04
  6910.  0.43055E-04
  6915.  0.40288E-04
  6920.  0.37633E-04
  6925.  0.35196E-04
  6930.  0.33037E-04
  6935.  0.31143E-04
  6940.  0.29514E-04
  6945.  0.28273E-04
  6950.  0.27545E-04
  6955.  0.27267E-04
  6960.  0.27413E-04
  6965.  0.27788E-04
  6970.  0.28280E-04
  6975.  0.28734E-04
  6980.  0.29089E-04
  6985.  0.29380E-04
  6990.  0.29656E-04
  6995.  0.30010E-04
  7000.  0.30507E-04
  7005.  0.31235E-04
  7010.  0.32163E-04
  7015.  0.33164E-04
  7020.  0.34266E-04
  7025.  0.35544E-04
  7030.  0.36897E-04
  7035.  0.38143E-04
  7040.  0.39089E-04
  7045.  0.39568E-04
  7050.  0.39510E-04
  7055.  0.38937E-04
  7060.  0.37938E-04
  7065.  0.36496E-04
  7070.  0.34725E-04
  7075.  0.32760E-04
  7080.  0.30881E-04
  7085.  0.29181E-04
  7090.  0.27776E-04
  7095.  0.26616E-04
  7100.  0.25650E-04
  7105.  0.25002E-04
  7110.  0.24683E-04
  7115.  0.24626E-04
  7120.  0.24831E-04
  7125.  0.25295E-04
  7130.  0.25978E-04
  7135.  0.26675E-04
  7140.  0.27306E-04
  7145.  0.27899E-04
  7150.  0.28452E-04
  7155.  0.28983E-04
  7160.  0.29578E-04
  7165.  0.30382E-04
  7170.  0.31306E-04
  7175.  0.32349E-04
  7180.  0.33587E-04
  7185.  0.34933E-04
  7190.  0.36228E-04
  7195.  0.37332E-04
  7200.  0.38220E-04
  7205.  0.38915E-04
  7210.  0.39311E-04
  7215.  0.39347E-04
  7220.  0.39120E-04
  7225.  0.38596E-04
  7230.  0.37932E-04
  7235.  0.37111E-04
  7240.  0.36213E-04
  7245.  0.35238E-04
  7250.  0.34224E-04
  7255.  0.33343E-04
  7260.  0.32644E-04
  7265.  0.32083E-04
  7270.  0.31603E-04
  7275.  0.31322E-04
  7280.  0.31345E-04
  7285.  0.31610E-04
  7290.  0.32102E-04
  7295.  0.32768E-04
  7300.  0.33468E-04
  7305.  0.34044E-04
  7310.  0.34481E-04
  7315.  0.34836E-04
  7320.  0.35076E-04
  7325.  0.35273E-04
  7330.  0.35580E-04
  7335.  0.36092E-04
  7340.  0.36762E-04
  7345.  0.37513E-04
  7350.  0.38254E-04
  7355.  0.38934E-04
  7360.  0.39648E-04
  7365.  0.40434E-04
  7370.  0.41221E-04
  7375.  0.41989E-04
  7380.  0.42782E-04
  7385.  0.43614E-04
  7390.  0.44417E-04
  7395.  0.45083E-04
  7400.  0.45419E-04
  7405.  0.45389E-04
  7410.  0.45136E-04
  7415.  0.44662E-04
  7420.  0.44031E-04
  7425.  0.43360E-04
  7430.  0.42714E-04
  7435.  0.42021E-04
  7440.  0.41402E-04
  7445.  0.40967E-04
  7450.  0.40653E-04
  7455.  0.40406E-04
  7460.  0.40277E-04
  7465.  0.40318E-04
  7470.  0.40588E-04
  7475.  0.41244E-04
  7480.  0.42254E-04
  7485.  0.43313E-04
  7490.  0.44428E-04
  7495.  0.45603E-04
  7500.  0.46733E-04
  7505.  0.47639E-04
  7510.  0.48333E-04
  7515.  0.48978E-04
  7520.  0.49665E-04
  7525.  0.50424E-04
  7530.  0.51123E-04
  7535.  0.51776E-04
  7540.  0.52510E-04
  7545.  0.53191E-04
  7550.  0.53562E-04
  7555.  0.53683E-04
  7560.  0.53579E-04
  7565.  0.53015E-04
  7570.  0.51907E-04
  7575.  0.50665E-04
  7580.  0.49815E-04
  7585.  0.49633E-04
  7590.  0.50291E-04
  7595.  0.51563E-04
  7600.  0.53677E-04
  7605.  0.56012E-04
  7610.  0.57764E-04
  7615.  0.59105E-04
  7620.  0.59797E-04
  7625.  0.60406E-04
  7630.  0.60779E-04
  7635.  0.60686E-04
  7640.  0.60108E-04
  7645.  0.59504E-04
  7650.  0.59050E-04
  7655.  0.58623E-04
  7660.  0.58304E-04
  7665.  0.58379E-04
  7670.  0.58758E-04
  7675.  0.59140E-04
  7680.  0.59332E-04
  7685.  0.59370E-04
  7690.  0.59306E-04
  7695.  0.59195E-04
  7700.  0.59020E-04
  7705.  0.58914E-04
  7710.  0.58849E-04
  7715.  0.58835E-04
  7720.  0.58968E-04
  7725.  0.59133E-04
  7730.  0.59381E-04
  7735.  0.59925E-04
  7740.  0.60677E-04
  7745.  0.61428E-04
  7750.  0.62055E-04
  7755.  0.62684E-04
  7760.  0.63386E-04
  7765.  0.63991E-04
  7770.  0.64375E-04
  7775.  0.64726E-04
  7780.  0.65176E-04
  7785.  0.65504E-04
  7790.  0.65566E-04
  7795.  0.65524E-04
  7800.  0.65510E-04
  7805.  0.65477E-04
  7810.  0.65241E-04
  7815.  0.64661E-04
  7820.  0.63728E-04
  7825.  0.62299E-04
  7830.  0.60193E-04
  7835.  0.57620E-04
  7840.  0.54927E-04
  7845.  0.52327E-04
  7850.  0.49715E-04
  7855.  0.47129E-04
  7860.  0.44682E-04
  7865.  0.42486E-04
  7870.  0.40411E-04
  7875.  0.38337E-04
  7880.  0.36357E-04
  7885.  0.34571E-04
  7890.  0.33059E-04
  7895.  0.31783E-04
  7900.  0.30666E-04
  7905.  0.29774E-04
  7910.  0.29087E-04
  7915.  0.28500E-04
  7920.  0.27948E-04
  7925.  0.27546E-04
  7930.  0.27327E-04
  7935.  0.27314E-04
  7940.  0.27566E-04
  7945.  0.28235E-04
  7950.  0.29390E-04
  7955.  0.30846E-04
  7960.  0.32505E-04
  7965.  0.34155E-04
  7970.  0.35727E-04
  7975.  0.37163E-04
  7980.  0.38415E-04
  7985.  0.39348E-04
  7990.  0.39928E-04
  7995.  0.40441E-04
  8000.  0.40982E-04
  8005.  0.41535E-04
  8010.  0.42041E-04
  8015.  0.42409E-04
  8020.  0.42489E-04
  8025.  0.42220E-04
  8030.  0.41579E-04
  8035.  0.40570E-04
  8040.  0.39382E-04
  8045.  0.37960E-04
  8050.  0.36307E-04
  8055.  0.34591E-04
  8060.  0.33038E-04
  8065.  0.31648E-04
  8070.  0.30352E-04
  8075.  0.29129E-04
  8080.  0.27964E-04
  8085.  0.26988E-04
  8090.  0.26346E-04
  8095.  0.26023E-04
  8100.  0.25995E-04
  8105.  0.26169E-04
  8110.  0.26495E-04
  8115.  0.26884E-04
  8120.  0.27327E-04
  8125.  0.27840E-04
  8130.  0.28351E-04
  8135.  0.28870E-04
  8140.  0.29447E-04
  8145.  0.30131E-04
  8150.  0.30970E-04
  8155.  0.31891E-04
  8160.  0.32927E-04
  8165.  0.34084E-04
  8170.  0.35343E-04
  8175.  0.36703E-04
  8180.  0.37994E-04
  8185.  0.39024E-04
  8190.  0.39632E-04
  8195.  0.39845E-04
  8200.  0.40126E-04
  8205.  0.40688E-04
  8210.  0.41475E-04
  8215.  0.42386E-04
  8220.  0.43376E-04
  8225.  0.44095E-04
  8230.  0.44188E-04
  8235.  0.43820E-04
  8240.  0.43160E-04
  8245.  0.42355E-04
  8250.  0.41578E-04
  8255.  0.40969E-04
  8260.  0.40514E-04
  8265.  0.40125E-04
  8270.  0.39754E-04
  8275.  0.39381E-04
  8280.  0.38934E-04
  8285.  0.38197E-04
  8290.  0.37202E-04
  8295.  0.36401E-04
  8300.  0.36004E-04
  8305.  0.35964E-04
  8310.  0.36236E-04
  8315.  0.36716E-04
  8320.  0.37289E-04
  8325.  0.37893E-04
  8330.  0.38533E-04
  8335.  0.39230E-04
  8340.  0.39847E-04
  8345.  0.40312E-04
  8350.  0.40815E-04
  8355.  0.41433E-04
  8360.  0.42065E-04
  8365.  0.42688E-04
  8370.  0.43390E-04
  8375.  0.44163E-04
  8380.  0.44919E-04
  8385.  0.45574E-04
  8390.  0.46112E-04
  8395.  0.46661E-04
  8400.  0.47291E-04
  8405.  0.47919E-04
  8410.  0.48594E-04
  8415.  0.49223E-04
  8420.  0.49654E-04
  8425.  0.49970E-04
  8430.  0.50275E-04
  8435.  0.50529E-04
  8440.  0.50740E-04
  8445.  0.50986E-04
  8450.  0.51203E-04
  8455.  0.51312E-04
  8460.  0.51243E-04
  8465.  0.50929E-04
  8470.  0.50534E-04
  8475.  0.50034E-04
  8480.  0.49487E-04
  8485.  0.48851E-04
  8490.  0.48074E-04
  8495.  0.47337E-04
  8500.  0.46654E-04
  8505.  0.46017E-04
  8510.  0.45317E-04
  8515.  0.44588E-04
  8520.  0.44082E-04
  8525.  0.43952E-04
  8530.  0.44264E-04
  8535.  0.45048E-04
  8540.  0.46180E-04
  8545.  0.47449E-04
  8550.  0.48673E-04
  8555.  0.49858E-04
  8560.  0.50905E-04
  8565.  0.51860E-04
  8570.  0.52767E-04
  8575.  0.53520E-04
  8580.  0.54143E-04
  8585.  0.54661E-04
  8590.  0.55279E-04
  8595.  0.55858E-04
  8600.  0.56318E-04
  8605.  0.56770E-04
  8610.  0.57281E-04
  8615.  0.57783E-04
  8620.  0.58244E-04
  8625.  0.58762E-04
  8630.  0.59170E-04
  8635.  0.59375E-04
  8640.  0.59233E-04
  8645.  0.58855E-04
  8650.  0.58431E-04
  8655.  0.58087E-04
  8660.  0.57939E-04
  8665.  0.58278E-04
  8670.  0.58939E-04
  8675.  0.59783E-04
  8680.  0.60572E-04
  8685.  0.61229E-04
  8690.  0.61766E-04
  8695.  0.62161E-04
  8700.  0.62599E-04
  8705.  0.63046E-04
  8710.  0.63498E-04
  8715.  0.63768E-04
  8720.  0.63713E-04
  8725.  0.63361E-04
  8730.  0.62832E-04
  8735.  0.62032E-04
  8740.  0.60761E-04
  8745.  0.59392E-04
  8750.  0.58387E-04
  8755.  0.57880E-04
  8760.  0.57855E-04
  8765.  0.58315E-04
  8770.  0.59132E-04
  8775.  0.59917E-04
  8780.  0.60564E-04
  8785.  0.61222E-04
  8790.  0.61789E-04
  8795.  0.61981E-04
  8800.  0.61986E-04
  8805.  0.62146E-04
  8810.  0.62436E-04
  8815.  0.62781E-04
  8820.  0.63264E-04
  8825.  0.64058E-04
  8830.  0.64937E-04
  8835.  0.65628E-04
  8840.  0.65990E-04
  8845.  0.66167E-04
  8850.  0.66161E-04
  8855.  0.65993E-04
  8860.  0.65575E-04
  8865.  0.65311E-04
  8870.  0.65541E-04
  8875.  0.66333E-04
  8880.  0.67106E-04
  8885.  0.67754E-04
  8890.  0.68553E-04
  8895.  0.69410E-04
  8900.  0.69928E-04
  8905.  0.70039E-04
  8910.  0.69979E-04
  8915.  0.69989E-04
  8920.  0.70103E-04
  8925.  0.70263E-04
  8930.  0.70429E-04
  8935.  0.70732E-04
  8940.  0.71233E-04
  8945.  0.71804E-04
  8950.  0.72111E-04
  8955.  0.72115E-04
  8960.  0.72138E-04
  8965.  0.72121E-04
  8970.  0.72079E-04
  8975.  0.72044E-04
  8980.  0.71962E-04
  8985.  0.71878E-04
  8990.  0.72033E-04
  8995.  0.72222E-04
  9000.  0.72186E-04
  9005.  0.72226E-04
  9010.  0.72373E-04
  9015.  0.72797E-04
  9020.  0.73201E-04
  9025.  0.73361E-04
  9030.  0.73222E-04
  9035.  0.72823E-04
  9040.  0.72080E-04
  9045.  0.71401E-04
  9050.  0.71005E-04
  9055.  0.70915E-04
  9060.  0.71001E-04
  9065.  0.71501E-04
  9070.  0.72275E-04
  9075.  0.72775E-04
  9080.  0.72529E-04
  9085.  0.71930E-04
  9090.  0.71081E-04
  9095.  0.69351E-04
  9100.  0.66561E-04
  9105.  0.63497E-04
  9110.  0.60885E-04
  9115.  0.58534E-04
  9120.  0.56256E-04
  9125.  0.54061E-04
  9130.  0.51657E-04
  9135.  0.48904E-04
  9140.  0.46211E-04
  9145.  0.43897E-04
  9150.  0.41795E-04
  9155.  0.39761E-04
  9160.  0.38037E-04
  9165.  0.36553E-04
  9170.  0.35140E-04
  9175.  0.33897E-04
  9180.  0.32848E-04
  9185.  0.31813E-04
  9190.  0.30865E-04
  9195.  0.30313E-04
  9200.  0.30209E-04
  9205.  0.30453E-04
  9210.  0.31012E-04
  9215.  0.31891E-04
  9220.  0.32720E-04
  9225.  0.33350E-04
  9230.  0.34035E-04
  9235.  0.34769E-04
  9240.  0.35558E-04
  9245.  0.36163E-04
  9250.  0.36546E-04
  9255.  0.36816E-04
  9260.  0.37027E-04
  9265.  0.37132E-04
  9270.  0.37233E-04
  9275.  0.37472E-04
  9280.  0.37809E-04
  9285.  0.38050E-04
  9290.  0.38332E-04
  9295.  0.38535E-04
  9300.  0.38502E-04
  9305.  0.38303E-04
  9310.  0.38028E-04
  9315.  0.37795E-04
  9320.  0.37732E-04
  9325.  0.37901E-04
  9330.  0.38235E-04
  9335.  0.38395E-04
  9340.  0.38220E-04
  9345.  0.37950E-04
  9350.  0.37667E-04
  9355.  0.37348E-04
  9360.  0.37255E-04
  9365.  0.37614E-04
  9370.  0.38421E-04
  9375.  0.39014E-04
  9380.  0.38763E-04
  9385.  0.38078E-04
  9390.  0.36791E-04
  9395.  0.35118E-04
  9400.  0.33851E-04
  9405.  0.33091E-04
  9410.  0.32547E-04
  9415.  0.32069E-04
  9420.  0.31620E-04
  9425.  0.31439E-04
  9430.  0.31872E-04
  9435.  0.32506E-04
  9440.  0.32901E-04
  9445.  0.33050E-04
  9450.  0.32859E-04
  9455.  0.32894E-04
  9460.  0.33909E-04
  9465.  0.35776E-04
  9470.  0.37745E-04
  9475.  0.39419E-04
  9480.  0.41244E-04
  9485.  0.43238E-04
  9490.  0.44950E-04
  9495.  0.45774E-04
  9500.  0.46238E-04
  9505.  0.46592E-04
  9510.  0.46668E-04
  9515.  0.46567E-04
  9520.  0.47135E-04
  9525.  0.48510E-04
  9530.  0.49289E-04
  9535.  0.48903E-04
  9540.  0.48293E-04
  9545.  0.48227E-04
  9550.  0.48353E-04
  9555.  0.48239E-04
  9560.  0.48271E-04
  9565.  0.48444E-04
  9570.  0.48187E-04
  9575.  0.47466E-04
  9580.  0.46738E-04
  9585.  0.46252E-04
  9590.  0.46188E-04
  9595.  0.46771E-04
  9600.  0.47700E-04
  9605.  0.48197E-04
  9610.  0.48202E-04
  9615.  0.48220E-04
  9620.  0.48296E-04
  9625.  0.48135E-04
  9630.  0.47683E-04
  9635.  0.46983E-04
  9640.  0.46073E-04
  9645.  0.45168E-04
  9650.  0.44492E-04
  9655.  0.43831E-04
  9660.  0.43359E-04
  9665.  0.43160E-04
  9670.  0.42744E-04
  9675.  0.41825E-04
  9680.  0.40864E-04
  9685.  0.40188E-04
  9690.  0.39840E-04
  9695.  0.39861E-04
  9700.  0.39014E-04
  9705.  0.38116E-04
  9710.  0.40080E-04
  9715.  0.41671E-04
  9720.  0.41237E-04
  9725.  0.40740E-04
  9730.  0.41106E-04
  9735.  0.42280E-04
  9740.  0.42251E-04
  9745.  0.42349E-04
  9750.  0.43023E-04
  9755.  0.42356E-04
  9760.  0.41671E-04
  9765.  0.43333E-04
  9770.  0.45153E-04
  9775.  0.45061E-04
  9780.  0.43336E-04
  9785.  0.42897E-04
  9790.  0.44797E-04
  9795.  0.46528E-04
  9800.  0.47565E-04
  9805.  0.47662E-04
  9810.  0.48635E-04
  9815.  0.51582E-04
  9820.  0.52355E-04
  9825.  0.51636E-04
  9830.  0.51199E-04
  9835.  0.51217E-04
  9840.  0.52144E-04
  9845.  0.52375E-04
  9850.  0.53199E-04
  9855.  0.53704E-04
  9860.  0.53090E-04
  9865.  0.55214E-04
  9870.  0.55346E-04
  9875.  0.55143E-04
  9880.  0.54785E-04
  9885.  0.54201E-04
  9890.  0.55845E-04
  9895.  0.54951E-04
  9900.  0.51663E-04
  9905.  0.51925E-04
  9910.  0.51906E-04
  9915.  0.52968E-04
  9920.  0.53462E-04
  9925.  0.51478E-04
  9930.  0.52645E-04
  9935.  0.54873E-04
  9940.  0.53327E-04
  9945.  0.51789E-04
  9950.  0.53527E-04
  9955.  0.56652E-04
  9960.  0.56705E-04
  9965.  0.55735E-04
  9970.  0.52642E-04
  9975.  0.53167E-04
  9980.  0.60501E-04
  9985.  0.62543E-04
  9990.  0.57612E-04
  9995.  0.54035E-04
 10000.  0.56690E-04
 10005.  0.60247E-04
 10010.  0.61375E-04
 10015.  0.61944E-04
 10020.  0.62628E-04
 10025.  0.60641E-04
 10030.  0.57495E-04
 10035.  0.58091E-04
 10040.  0.60812E-04
 10045.  0.63001E-04
 10050.  0.63074E-04
 10055.  0.60740E-04
 10060.  0.59828E-04
 10065.  0.60468E-04
 10070.  0.60400E-04
 10075.  0.57847E-04
 10080.  0.56655E-04
 10085.  0.57055E-04
 10090.  0.60022E-04
 10095.  0.63537E-04
 10100.  0.63096E-04
 10105.  0.61436E-04
 10110.  0.60212E-04
 10115.  0.61664E-04
 10120.  0.63518E-04
 10125.  0.61983E-04
 10130.  0.58649E-04
 10135.  0.53206E-04
 10140.  0.51421E-04
 10145.  0.55809E-04
 10150.  0.59077E-04
 10155.  0.61150E-04
 10160.  0.59106E-04
 10165.  0.54276E-04
 10170.  0.53218E-04
 10175.  0.55946E-04
 10180.  0.57057E-04
 10185.  0.55394E-04
 10190.  0.55157E-04
 10195.  0.58244E-04
 10200.  0.58634E-04
 10205.  0.56575E-04
 10210.  0.60336E-04
 10215.  0.64917E-04
 10220.  0.62600E-04
 10225.  0.58746E-04
 10230.  0.60700E-04
 10235.  0.64184E-04
 10240.  0.65917E-04
 10245.  0.64033E-04
 10250.  0.64003E-04
 10255.  0.63336E-04
 10260.  0.60676E-04
 10265.  0.63042E-04
 10270.  0.65047E-04
 10275.  0.64405E-04
 10280.  0.63677E-04
 10285.  0.63976E-04
 10290.  0.66081E-04
 10295.  0.66851E-04
 10300.  0.66125E-04
 10305.  0.64866E-04
 10310.  0.64998E-04
 10315.  0.64789E-04
 10320.  0.60594E-04
 10325.  0.56603E-04
 10330.  0.57292E-04
 10335.  0.61750E-04
 10340.  0.65151E-04
 10345.  0.64915E-04
 10350.  0.62171E-04
 10355.  0.58993E-04
 10360.  0.58691E-04
 10365.  0.61272E-04
 10370.  0.65388E-04
 10375.  0.68937E-04
 10380.  0.69962E-04
 10385.  0.67172E-04
 10390.  0.62843E-04
 10395.  0.61671E-04
 10400.  0.65266E-04
 10405.  0.68246E-04
 10410.  0.69438E-04
 10415.  0.65830E-04
 10420.  0.60847E-04
 10425.  0.61349E-04
 10430.  0.63610E-04
 10435.  0.63110E-04
 10440.  0.64217E-04
 10445.  0.66786E-04
 10450.  0.67365E-04
 10455.  0.63830E-04
 10460.  0.61691E-04
 10465.  0.65232E-04
 10470.  0.67485E-04
 10475.  0.66253E-04
 10480.  0.65793E-04
 10485.  0.66722E-04
 10490.  0.64616E-04
 10495.  0.61666E-04
 10500.  0.61101E-04
 10505.  0.62726E-04
 10510.  0.68003E-04
 10515.  0.73853E-04
 10520.  0.72954E-04
 10525.  0.66868E-04
 10530.  0.64141E-04
 10535.  0.67034E-04
 10540.  0.69683E-04
 10545.  0.68939E-04
 10550.  0.67195E-04
 10555.  0.67957E-04
 10560.  0.70364E-04
 10565.  0.70353E-04
 10570.  0.67279E-04
 10575.  0.63320E-04
 10580.  0.61061E-04
 10585.  0.63888E-04
 10590.  0.68939E-04
 10595.  0.70258E-04
 10600.  0.67332E-04
 10605.  0.64911E-04
 10610.  0.63658E-04
 10615.  0.62773E-04
 10620.  0.63597E-04
 10625.  0.66791E-04
 10630.  0.71678E-04
 10635.  0.73702E-04
 10640.  0.71427E-04
 10645.  0.68386E-04
 10650.  0.67344E-04
 10655.  0.65497E-04
 10660.  0.63738E-04
 10665.  0.66333E-04
 10670.  0.68907E-04
 10675.  0.69019E-04
 10680.  0.69893E-04
 10685.  0.70532E-04
 10690.  0.69988E-04
 10695.  0.69673E-04
 10700.  0.70248E-04
 10705.  0.71038E-04
 10710.  0.70984E-04
 10715.  0.69696E-04
 10720.  0.67941E-04
 10725.  0.68971E-04
 10730.  0.72616E-04
 10735.  0.73610E-04
 10740.  0.71803E-04
 10745.  0.70257E-04
 10750.  0.71041E-04
 10755.  0.72688E-04
 10760.  0.74165E-04
 10765.  0.74711E-04
 10770.  0.73394E-04
 10775.  0.73332E-04
 10780.  0.74126E-04
 10785.  0.71655E-04
 10790.  0.69549E-04
 10795.  0.72713E-04
 10800.  0.75441E-04
 10805.  0.74453E-04
 10810.  0.74063E-04
 10815.  0.72121E-04
 10820.  0.68907E-04
 10825.  0.69072E-04
 10830.  0.72688E-04
 10835.  0.76245E-04
 10840.  0.76361E-04
 10845.  0.74061E-04
 10850.  0.71608E-04
 10855.  0.70952E-04
 10860.  0.70225E-04
 10865.  0.64043E-04
 10870.  0.48853E-04
 10875.  0.37049E-04
 10880.  0.38662E-04
 10885.  0.44600E-04
 10890.  0.49076E-04
 10895.  0.52162E-04
 10900.  0.53929E-04
 10905.  0.56969E-04
 10910.  0.59501E-04
 10915.  0.55360E-04
 10920.  0.43059E-04
 10925.  0.31346E-04
 10930.  0.30437E-04
 10935.  0.34530E-04
 10940.  0.37378E-04
 10945.  0.40264E-04
 10950.  0.42007E-04
 10955.  0.39016E-04
 10960.  0.31171E-04
 10965.  0.24619E-04
 10970.  0.25281E-04
 10975.  0.30049E-04
 10980.  0.33800E-04
 10985.  0.33617E-04
 10990.  0.28306E-04
 10995.  0.23088E-04
 11000.  0.24116E-04
 11005.  0.27958E-04
 11010.  0.28954E-04
 11015.  0.27305E-04
 11020.  0.26890E-04
 11025.  0.28330E-04
 11030.  0.28705E-04
 11035.  0.29014E-04
 11040.  0.30619E-04
 11045.  0.31970E-04
 11050.  0.32665E-04
 11055.  0.33202E-04
 11060.  0.32832E-04
 11065.  0.30806E-04
 11070.  0.32058E-04
 11075.  0.36929E-04
 11080.  0.40732E-04
 11085.  0.42376E-04
 11090.  0.41231E-04
 11095.  0.39863E-04
 11100.  0.38557E-04
 11105.  0.38765E-04
 11110.  0.40900E-04
 11115.  0.41855E-04
 11120.  0.41789E-04
 11125.  0.40676E-04
 11130.  0.40909E-04
 11135.  0.45747E-04
 11140.  0.46376E-04
 11145.  0.43408E-04
 11150.  0.46042E-04
 11155.  0.43781E-04
 11160.  0.38978E-04
 11165.  0.38799E-04
 11170.  0.37916E-04
 11175.  0.38438E-04
 11180.  0.37808E-04
 11185.  0.37981E-04
 11190.  0.45323E-04
 11195.  0.48118E-04
 11200.  0.42365E-04
 11205.  0.38404E-04
 11210.  0.35956E-04
 11215.  0.35060E-04
 11220.  0.38544E-04
 11225.  0.39306E-04
 11230.  0.38293E-04
 11235.  0.36455E-04
 11240.  0.33137E-04
 11245.  0.33893E-04
 11250.  0.37028E-04
 11255.  0.37871E-04
 11260.  0.41396E-04
 11265.  0.45833E-04
 11270.  0.41884E-04
 11275.  0.33628E-04
 11280.  0.34672E-04
 11285.  0.40734E-04
 11290.  0.40898E-04
 11295.  0.42747E-04
 11300.  0.47439E-04
 11305.  0.46591E-04
 11310.  0.41315E-04
 11315.  0.40387E-04
 11320.  0.44471E-04
 11325.  0.45723E-04
 11330.  0.43640E-04
 11335.  0.42728E-04
 11340.  0.40200E-04
 11345.  0.32978E-04
 11350.  0.31114E-04
 11355.  0.36482E-04
 11360.  0.41629E-04
 11365.  0.40578E-04
 11370.  0.38857E-04
 11375.  0.42092E-04
 11380.  0.46490E-04
 11385.  0.44692E-04
 11390.  0.40392E-04
 11395.  0.41601E-04
 11400.  0.46306E-04
 11405.  0.47887E-04
 11410.  0.45121E-04
 11415.  0.43021E-04
 11420.  0.44542E-04
 11425.  0.45379E-04
 11430.  0.43840E-04
 11435.  0.43249E-04
 11440.  0.49018E-04
 11445.  0.54335E-04
 11450.  0.50897E-04
 11455.  0.44420E-04
 11460.  0.44322E-04
 11465.  0.49413E-04
 11470.  0.52818E-04
 11475.  0.51546E-04
 11480.  0.48945E-04
 11485.  0.49693E-04
 11490.  0.52464E-04
 11495.  0.52182E-04
 11500.  0.49858E-04
 11505.  0.49958E-04
 11510.  0.50539E-04
 11515.  0.50007E-04
 11520.  0.48005E-04
 11525.  0.45428E-04
 11530.  0.46680E-04
 11535.  0.50664E-04
 11540.  0.53947E-04
 11545.  0.55137E-04
 11550.  0.53924E-04
 11555.  0.52699E-04
 11560.  0.53106E-04
 11565.  0.53321E-04
 11570.  0.52482E-04
 11575.  0.52842E-04
 11580.  0.54339E-04
 11585.  0.53660E-04
 11590.  0.52502E-04
 11595.  0.54197E-04
 11600.  0.53642E-04
 11605.  0.48724E-04
 11610.  0.46731E-04
 11615.  0.49920E-04
 11620.  0.51852E-04
 11625.  0.49638E-04
 11630.  0.48767E-04
 11635.  0.50919E-04
 11640.  0.51406E-04
 11645.  0.50471E-04
 11650.  0.50707E-04
 11655.  0.51070E-04
 11660.  0.50076E-04
 11665.  0.47867E-04
 11670.  0.48653E-04
 11675.  0.52408E-04
 11680.  0.52536E-04
 11685.  0.49899E-04
 11690.  0.50351E-04
 11695.  0.53587E-04
 11700.  0.56178E-04
 11705.  0.55274E-04
 11710.  0.53311E-04
 11715.  0.53483E-04
 11720.  0.52333E-04
 11725.  0.48536E-04
 11730.  0.45462E-04
 11735.  0.44285E-04
 11740.  0.46285E-04
 11745.  0.48729E-04
 11750.  0.48977E-04
 11755.  0.48722E-04
 11760.  0.48864E-04
 11765.  0.47290E-04
 11770.  0.45155E-04
 11775.  0.44807E-04
 11780.  0.46817E-04
 11785.  0.48742E-04
 11790.  0.48128E-04
 11795.  0.46427E-04
 11800.  0.46181E-04
 11805.  0.47331E-04
 11810.  0.48434E-04
 11815.  0.48399E-04
 11820.  0.47047E-04
 11825.  0.46989E-04
 11830.  0.50027E-04
 11835.  0.51028E-04
 11840.  0.49478E-04
 11845.  0.51877E-04
 11850.  0.54102E-04
 11855.  0.50603E-04
 11860.  0.48888E-04
 11865.  0.52224E-04
 11870.  0.52884E-04
 11875.  0.50867E-04
 11880.  0.50709E-04
 11885.  0.51939E-04
 11890.  0.54369E-04
 11895.  0.56413E-04
 11900.  0.54713E-04
 11905.  0.52904E-04
 11910.  0.54261E-04
 11915.  0.53567E-04
 11920.  0.48205E-04
 11925.  0.45834E-04
 11930.  0.48555E-04
 11935.  0.49688E-04
 11940.  0.48809E-04
 11945.  0.49058E-04
 11950.  0.48037E-04
 11955.  0.46421E-04
 11960.  0.45708E-04
 11965.  0.44429E-04
 11970.  0.43863E-04
 11975.  0.45399E-04
 11980.  0.47102E-04
 11985.  0.48273E-04
 11990.  0.49759E-04
 11995.  0.50417E-04
 12000.  0.48917E-04
 12005.  0.47894E-04
 12010.  0.49232E-04
 12015.  0.49576E-04
 12020.  0.47251E-04
 12025.  0.46652E-04
 12030.  0.48732E-04
 12035.  0.48299E-04
 12040.  0.45325E-04
 12045.  0.44251E-04
 12050.  0.45002E-04
 12055.  0.45781E-04
 12060.  0.45376E-04
 12065.  0.42650E-04
 12070.  0.39869E-04
 12075.  0.40354E-04
 12080.  0.44134E-04
 12085.  0.47252E-04
 12090.  0.46092E-04
 12095.  0.44604E-04
 12100.  0.46167E-04
 12105.  0.45657E-04
 12110.  0.42633E-04
 12115.  0.42920E-04
 12120.  0.45728E-04
 12125.  0.45653E-04
 12130.  0.44290E-04
 12135.  0.45242E-04
 12140.  0.46931E-04
 12145.  0.47116E-04
 12150.  0.46937E-04
 12155.  0.48035E-04
 12160.  0.48766E-04
 12165.  0.46856E-04
 12170.  0.45934E-04
 12175.  0.49737E-04
 12180.  0.52122E-04
 12185.  0.48006E-04
 12190.  0.44156E-04
 12195.  0.46858E-04
 12200.  0.51921E-04
 12205.  0.52383E-04
 12210.  0.49526E-04
 12215.  0.47764E-04
 12220.  0.49000E-04
 12225.  0.53195E-04
 12230.  0.55419E-04
 12235.  0.52619E-04
 12240.  0.49338E-04
 12245.  0.50454E-04
 12250.  0.52438E-04
 12255.  0.52891E-04
 12260.  0.53338E-04
 12265.  0.53035E-04
 12270.  0.51128E-04
 12275.  0.50172E-04
 12280.  0.50308E-04
 12285.  0.49423E-04
 12290.  0.48122E-04
 12295.  0.48615E-04
 12300.  0.50862E-04
 12305.  0.52179E-04
 12310.  0.50698E-04
 12315.  0.50775E-04
 12320.  0.53773E-04
 12325.  0.53475E-04
 12330.  0.48957E-04
 12335.  0.44956E-04
 12340.  0.46464E-04
 12345.  0.50021E-04
 12350.  0.49360E-04
 12355.  0.47061E-04
 12360.  0.48105E-04
 12365.  0.50234E-04
 12370.  0.49747E-04
 12375.  0.47574E-04
 12380.  0.46897E-04
 12385.  0.47711E-04
 12390.  0.47715E-04
 12395.  0.47407E-04
 12400.  0.49038E-04
 12405.  0.51106E-04
 12410.  0.50832E-04
 12415.  0.49854E-04
 12420.  0.49864E-04
 12425.  0.49658E-04
 12430.  0.48579E-04
 12435.  0.48302E-04
 12440.  0.49004E-04
 12445.  0.49328E-04
 12450.  0.49904E-04
 12455.  0.52627E-04
 12460.  0.55397E-04
 12465.  0.54904E-04
 12470.  0.52888E-04
 12475.  0.53125E-04
 12480.  0.54630E-04
 12485.  0.55839E-04
 12490.  0.54082E-04
 12495.  0.51873E-04
 12500.  0.54510E-04
 12505.  0.57608E-04
 12510.  0.56874E-04
 12515.  0.54230E-04
 12520.  0.51353E-04
 12525.  0.51991E-04
 12530.  0.55912E-04
 12535.  0.57460E-04
 12540.  0.55712E-04
 12545.  0.55460E-04
 12550.  0.56962E-04
 12555.  0.58106E-04
 12560.  0.58304E-04
 12565.  0.56789E-04
 12570.  0.54952E-04
 12575.  0.55490E-04
 12580.  0.58329E-04
 12585.  0.60127E-04
 12590.  0.59022E-04
 12595.  0.57807E-04
 12600.  0.60579E-04
 12605.  0.63478E-04
 12610.  0.61838E-04
 12615.  0.58763E-04
 12620.  0.57534E-04
 12625.  0.57181E-04
 12630.  0.56788E-04
 12635.  0.58325E-04
 12640.  0.61112E-04
 12645.  0.60879E-04
 12650.  0.60889E-04
 12655.  0.63087E-04
 12660.  0.62537E-04
 12665.  0.58847E-04
 12670.  0.55869E-04
 12675.  0.54745E-04
 12680.  0.54114E-04
 12685.  0.54691E-04
 12690.  0.56043E-04
 12695.  0.57752E-04
 12700.  0.59107E-04
 12705.  0.58457E-04
 12710.  0.57865E-04
 12715.  0.59178E-04
 12720.  0.59862E-04
 12725.  0.57270E-04
 12730.  0.53865E-04
 12735.  0.52997E-04
 12740.  0.54106E-04
 12745.  0.55090E-04
 12750.  0.57347E-04
 12755.  0.60202E-04
 12760.  0.60604E-04
 12765.  0.58492E-04
 12770.  0.55749E-04
 12775.  0.54258E-04
 12780.  0.55276E-04
 12785.  0.57559E-04
 12790.  0.58632E-04
 12795.  0.58638E-04
 12800.  0.59152E-04
 12805.  0.59892E-04
 12810.  0.60344E-04
 12815.  0.58690E-04
 12820.  0.54818E-04
 12825.  0.54401E-04
 12830.  0.57151E-04
 12835.  0.58213E-04
 12840.  0.57605E-04
 12845.  0.57658E-04
 12850.  0.59029E-04
 12855.  0.60559E-04
 12860.  0.60232E-04
 12865.  0.58531E-04
 12870.  0.58246E-04
 12875.  0.58853E-04
 12880.  0.58793E-04
 12885.  0.58488E-04
 12890.  0.58320E-04
 12895.  0.57541E-04
 12900.  0.57594E-04
 12905.  0.59325E-04
 12910.  0.61512E-04
 12915.  0.63490E-04
 12920.  0.64112E-04
 12925.  0.61088E-04
 12930.  0.57558E-04
 12935.  0.58457E-04
 12940.  0.61149E-04
 12945.  0.62613E-04
 12950.  0.64340E-04
 12955.  0.65379E-04
 12960.  0.62699E-04
 12965.  0.60284E-04
 12970.  0.62631E-04
 12975.  0.64923E-04
 12980.  0.65221E-04
 12985.  0.65264E-04
 12990.  0.66603E-04
 12995.  0.67221E-04
 13000.  0.64999E-04
 13005.  0.62327E-04
 13010.  0.62761E-04
 13015.  0.63898E-04
 13020.  0.64176E-04
 13025.  0.65563E-04
 13030.  0.64242E-04
 13035.  0.61125E-04
 13040.  0.59686E-04
 13045.  0.61158E-04
 13050.  0.64722E-04
 13055.  0.67838E-04
 13060.  0.67797E-04
 13065.  0.66784E-04
 13070.  0.65367E-04
 13075.  0.63042E-04
 13080.  0.60980E-04
 13085.  0.61509E-04
 13090.  0.63348E-04
 13095.  0.63339E-04
 13100.  0.62405E-04
 13105.  0.63405E-04
 13110.  0.64671E-04
 13115.  0.64927E-04
 13120.  0.64664E-04
 13125.  0.63855E-04
 13130.  0.62936E-04
 13135.  0.62711E-04
 13140.  0.62920E-04
 13145.  0.62893E-04
 13150.  0.63103E-04
 13155.  0.63784E-04
 13160.  0.63572E-04
 13165.  0.63166E-04
 13170.  0.62986E-04
 13175.  0.62961E-04
 13180.  0.64298E-04
 13185.  0.65946E-04
 13190.  0.65726E-04
 13195.  0.63720E-04
 13200.  0.62479E-04
 13205.  0.62938E-04
 13210.  0.63634E-04
 13215.  0.63288E-04
 13220.  0.63117E-04
 13225.  0.64703E-04
 13230.  0.66865E-04
 13235.  0.67874E-04
 13240.  0.67408E-04
 13245.  0.66027E-04
 13250.  0.64950E-04
 13255.  0.64741E-04
 13260.  0.64873E-04
 13265.  0.65173E-04
 13270.  0.64600E-04
 13275.  0.63992E-04
 13280.  0.64326E-04
 13285.  0.64230E-04
 13290.  0.62267E-04
 13295.  0.60739E-04
 13300.  0.61669E-04
 13305.  0.63778E-04
 13310.  0.66212E-04
 13315.  0.67334E-04
 13320.  0.67106E-04
 13325.  0.64857E-04
 13330.  0.62497E-04
 13335.  0.63270E-04
 13340.  0.65771E-04
 13345.  0.66710E-04
 13350.  0.66020E-04
 13355.  0.66089E-04
 13360.  0.64969E-04
 13365.  0.65195E-04
 13370.  0.68182E-04
 13375.  0.69609E-04
 13380.  0.67826E-04
 13385.  0.67291E-04
 13390.  0.69308E-04
 13395.  0.70324E-04
 13400.  0.69460E-04
 13405.  0.67580E-04
 13410.  0.66768E-04
 13415.  0.66380E-04
 13420.  0.66300E-04
 13425.  0.66357E-04
 13430.  0.66265E-04
 13435.  0.66451E-04
 13440.  0.65729E-04
 13445.  0.62994E-04
 13450.  0.62152E-04
 13455.  0.64754E-04
 13460.  0.66418E-04
 13465.  0.65334E-04
 13470.  0.64052E-04
 13475.  0.66806E-04
 13480.  0.72103E-04
 13485.  0.72201E-04
 13490.  0.69030E-04
 13495.  0.66067E-04
 13500.  0.66483E-04
 13505.  0.64555E-04
 13510.  0.67206E-04
 13515.  0.70472E-04
 13520.  0.69014E-04
 13525.  0.67708E-04
 13530.  0.67759E-04
 13535.  0.67811E-04
 13540.  0.67862E-04
 13545.  0.67914E-04
 13550.  0.67965E-04
 13555.  0.68017E-04
 13560.  0.68068E-04
 13565.  0.68120E-04
 13570.  0.68171E-04
 13575.  0.68223E-04
 13580.  0.68274E-04
 13585.  0.68326E-04
 13590.  0.68377E-04
 13595.  0.68428E-04
 13600.  0.68480E-04
 13605.  0.68531E-04
 13610.  0.68583E-04
 13615.  0.68634E-04
 13620.  0.68686E-04
 13625.  0.68737E-04
 13630.  0.68789E-04
 13635.  0.68840E-04
 13640.  0.68892E-04
 13645.  0.68943E-04
 13650.  0.68995E-04
 13655.  0.69046E-04
 13660.  0.69098E-04
 13665.  0.69149E-04
 13670.  0.69201E-04
 13675.  0.69252E-04
 13680.  0.69303E-04
 13685.  0.69355E-04
 13690.  0.69406E-04
 13695.  0.69458E-04
 13700.  0.69509E-04
 13705.  0.69561E-04
 13710.  0.69612E-04
 13715.  0.69664E-04
 13720.  0.69715E-04
 13725.  0.69767E-04
 13730.  0.69818E-04
 13735.  0.69870E-04
 13740.  0.69921E-04
 13745.  0.69973E-04
 13750.  0.70024E-04
 13755.  0.70075E-04
 13760.  0.70127E-04
 13765.  0.70178E-04
 13770.  0.70230E-04
 13775.  0.70281E-04
 13780.  0.70333E-04
 13785.  0.70384E-04
 13790.  0.70436E-04
 13795.  0.70487E-04
 13800.  0.70539E-04
 13805.  0.70590E-04
 13810.  0.70642E-04
 13815.  0.70693E-04
 13820.  0.70745E-04
 13825.  0.70796E-04
 13830.  0.70848E-04
 13835.  0.70899E-04
 13840.  0.70950E-04
 13845.  0.71002E-04
 13850.  0.71053E-04
 13855.  0.71105E-04
 13860.  0.71156E-04
 13865.  0.71208E-04
 13870.  0.71259E-04
 13875.  0.71311E-04
 13880.  0.71362E-04
 13885.  0.71414E-04
 13890.  0.71465E-04
 13895.  0.71517E-04
 13900.  0.71568E-04
 13905.  0.71620E-04
 13910.  0.71671E-04
 13915.  0.71723E-04
 13920.  0.71774E-04
 13925.  0.71825E-04
 13930.  0.71877E-04
 13935.  0.71928E-04
 13940.  0.71519E-04
 13945.  0.70139E-04
 13950.  0.68759E-04
 13955.  0.67379E-04
 13960.  0.65999E-04
 13965.  0.64619E-04
 13970.  0.63239E-04
 13975.  0.61859E-04
 13980.  0.60479E-04
 13985.  0.59099E-04
 13990.  0.57719E-04
 13995.  0.56339E-04
 14000.  0.54959E-04
 14005.  0.53579E-04
 14010.  0.52199E-04
 14015.  0.50819E-04
 14020.  0.49439E-04
 14025.  0.48059E-04
 14030.  0.46679E-04
 14035.  0.45299E-04
 14040.  0.43919E-04
 14045.  0.42539E-04
 14050.  0.41159E-04
 14055.  0.39779E-04
 14060.  0.38399E-04
 14065.  0.37019E-04
 14070.  0.35639E-04
 14075.  0.34259E-04
 14080.  0.34663E-04
 14085.  0.41550E-04
 14090.  0.46361E-04
 14095.  0.48061E-04
 14100.  0.41225E-04
 14105.  0.34847E-04
 14110.  0.36095E-04
 14115.  0.36070E-04
 14120.  0.31196E-04
 14125.  0.26494E-04
 14130.  0.24354E-04
 14135.  0.23903E-04
 14140.  0.27344E-04
 14145.  0.35488E-04
 14150.  0.39947E-04
 14155.  0.40724E-04
 14160.  0.39536E-04
 14165.  0.36380E-04
 14170.  0.31840E-04
 14175.  0.26663E-04
 14180.  0.22345E-04
 14185.  0.22673E-04
 14190.  0.29457E-04
 14195.  0.34383E-04
 14200.  0.33557E-04
 14205.  0.34782E-04
 14210.  0.35684E-04
 14215.  0.32677E-04
 14220.  0.28034E-04
 14225.  0.27819E-04
 14230.  0.33043E-04
 14235.  0.36676E-04
 14240.  0.34446E-04
 14245.  0.31869E-04
 14250.  0.31598E-04
 14255.  0.32530E-04
 14260.  0.33318E-04
 14265.  0.33865E-04
 14270.  0.35227E-04
 14275.  0.39287E-04
 14280.  0.43866E-04
 14285.  0.43104E-04
 14290.  0.39571E-04
 14295.  0.36669E-04
 14300.  0.34855E-04
 14305.  0.35083E-04
 14310.  0.35262E-04
 14315.  0.36148E-04
 14320.  0.38714E-04
 14325.  0.39984E-04
 14330.  0.37177E-04
 14335.  0.37761E-04
 14340.  0.44230E-04
 14345.  0.44018E-04
 14350.  0.38198E-04
 14355.  0.36838E-04
 14360.  0.41051E-04
 14365.  0.45399E-04
 14370.  0.47443E-04
 14375.  0.48483E-04
 14380.  0.48232E-04
 14385.  0.45944E-04
 14390.  0.42251E-04
 14395.  0.38116E-04
 14400.  0.37014E-04
 14405.  0.38886E-04
 14410.  0.38361E-04
 14415.  0.35181E-04
 14420.  0.34474E-04
 14425.  0.37285E-04
 14430.  0.36875E-04
 14435.  0.35602E-04
 14440.  0.35302E-04
 14445.  0.36601E-04
 14450.  0.40149E-04
 14455.  0.41595E-04
 14460.  0.40776E-04
 14465.  0.43053E-04
 14470.  0.48450E-04
 14475.  0.47058E-04
 14480.  0.41826E-04
 14485.  0.36884E-04
 14490.  0.34000E-04
 14495.  0.33563E-04
 14500.  0.36976E-04
 14505.  0.40465E-04
 14510.  0.41024E-04
 14515.  0.40104E-04
 14520.  0.38838E-04
 14525.  0.33444E-04
 14530.  0.27685E-04
 14535.  0.25640E-04
 14540.  0.26601E-04
 14545.  0.28674E-04
 14550.  0.30808E-04
 14555.  0.31879E-04
 14560.  0.31832E-04
 14565.  0.31833E-04
 14570.  0.31943E-04
 14575.  0.31600E-04
 14580.  0.31009E-04
 14585.  0.30009E-04
 14590.  0.28733E-04
 14595.  0.28859E-04
 14600.  0.31094E-04
 14605.  0.33764E-04
 14610.  0.34561E-04
 14615.  0.33290E-04
 14620.  0.31937E-04
 14625.  0.33205E-04
 14630.  0.35468E-04
 14635.  0.35955E-04
 14640.  0.35007E-04
 14645.  0.33168E-04
 14650.  0.30137E-04
 14655.  0.27655E-04
 14660.  0.29273E-04
 14665.  0.33596E-04
 14670.  0.33934E-04
 14675.  0.31183E-04
 14680.  0.28522E-04
 14685.  0.28317E-04
 14690.  0.29978E-04
 14695.  0.31137E-04
 14700.  0.30851E-04
 14705.  0.29842E-04
 14710.  0.29059E-04
 14715.  0.30838E-04
 14720.  0.35675E-04
 14725.  0.38535E-04
 14730.  0.38431E-04
 14735.  0.37048E-04
 14740.  0.34816E-04
 14745.  0.32446E-04
 14750.  0.31887E-04
 14755.  0.34070E-04
 14760.  0.35976E-04
 14765.  0.34602E-04
 14770.  0.33497E-04
 14775.  0.35701E-04
 14780.  0.38153E-04
 14785.  0.39864E-04
 14790.  0.41930E-04
 14795.  0.44167E-04
 14800.  0.44440E-04
 14805.  0.41740E-04
 14810.  0.38826E-04
 14815.  0.38203E-04
 14820.  0.37238E-04
 14825.  0.36486E-04
 14830.  0.36275E-04
 14835.  0.37819E-04
 14840.  0.41787E-04
 14845.  0.46579E-04
 14850.  0.49004E-04
 14855.  0.47763E-04
 14860.  0.44352E-04
 14865.  0.41163E-04
 14870.  0.38724E-04
 14875.  0.37537E-04
 14880.  0.37839E-04
 14885.  0.39564E-04
 14890.  0.41255E-04
 14895.  0.40409E-04
 14900.  0.37137E-04
 14905.  0.35766E-04
 14910.  0.37626E-04
 14915.  0.39843E-04
 14920.  0.41242E-04
 14925.  0.41822E-04
 14930.  0.41267E-04
 14935.  0.40126E-04
 14940.  0.39284E-04
 14945.  0.38606E-04
 14950.  0.38523E-04
 14955.  0.39701E-04
 14960.  0.40541E-04
 14965.  0.39031E-04
 14970.  0.36914E-04
 14975.  0.37196E-04
 14980.  0.40274E-04
 14985.  0.44113E-04
 14990.  0.45931E-04
 14995.  0.44261E-04
 15000.  0.41158E-04
 15005.  0.38809E-04
 15010.  0.36958E-04
 15015.  0.35442E-04
 15020.  0.34770E-04
 15025.  0.35217E-04
 15030.  0.36629E-04
 15035.  0.38221E-04
 15040.  0.38696E-04
 15045.  0.37863E-04
 15050.  0.37339E-04
 15055.  0.38082E-04
 15060.  0.39288E-04
 15065.  0.39387E-04
 15070.  0.38022E-04
 15075.  0.37036E-04
 15080.  0.37797E-04
 15085.  0.38410E-04
 15090.  0.36167E-04
 15095.  0.33617E-04
 15100.  0.34496E-04
 15105.  0.37642E-04
 15110.  0.39619E-04
 15115.  0.39985E-04
 15120.  0.39825E-04
 15125.  0.39012E-04
 15130.  0.37564E-04
 15135.  0.37997E-04
 15140.  0.40882E-04
 15145.  0.44241E-04
 15150.  0.45587E-04
 15155.  0.43788E-04
 15160.  0.40281E-04
 15165.  0.37599E-04
 15170.  0.36689E-04
 15175.  0.36877E-04
 15180.  0.37372E-04
 15185.  0.38081E-04
 15190.  0.39011E-04
 15195.  0.40136E-04
 15200.  0.41796E-04
 15205.  0.43071E-04
 15210.  0.42314E-04
 15215.  0.39863E-04
 15220.  0.38781E-04
 15225.  0.41924E-04
 15230.  0.46895E-04
 15235.  0.47592E-04
 15240.  0.43113E-04
 15245.  0.39271E-04
 15250.  0.38669E-04
 15255.  0.39321E-04
 15260.  0.40723E-04
 15265.  0.43000E-04
 15270.  0.44826E-04
 15275.  0.44470E-04
 15280.  0.42979E-04
 15285.  0.42902E-04
 15290.  0.44587E-04
 15295.  0.46570E-04
 15300.  0.47026E-04
 15305.  0.45898E-04
 15310.  0.44690E-04
 15315.  0.44241E-04
 15320.  0.43671E-04
 15325.  0.42239E-04
 15330.  0.41115E-04
 15335.  0.41146E-04
 15340.  0.42372E-04
 15345.  0.43649E-04
 15350.  0.43527E-04
 15355.  0.43335E-04
 15360.  0.45047E-04
 15365.  0.48104E-04
 15370.  0.49272E-04
 15375.  0.47141E-04
 15380.  0.43962E-04
 15385.  0.42844E-04
 15390.  0.42864E-04
 15395.  0.42795E-04
 15400.  0.43227E-04
 15405.  0.44465E-04
 15410.  0.45339E-04
 15415.  0.44517E-04
 15420.  0.42956E-04
 15425.  0.42684E-04
 15430.  0.43757E-04
 15435.  0.46189E-04
 15440.  0.49015E-04
 15445.  0.49619E-04
 15450.  0.46898E-04
 15455.  0.42938E-04
 15460.  0.41256E-04
 15465.  0.42847E-04
 15470.  0.45471E-04
 15475.  0.47457E-04
 15480.  0.48928E-04
 15485.  0.48618E-04
 15490.  0.46632E-04
 15495.  0.44530E-04
 15500.  0.43475E-04
 15505.  0.43213E-04
 15510.  0.43136E-04
 15515.  0.44374E-04
 15520.  0.46830E-04
 15525.  0.47644E-04
 15530.  0.45965E-04
 15535.  0.44154E-04
 15540.  0.44102E-04
 15545.  0.45005E-04
 15550.  0.45103E-04
 15555.  0.44364E-04
 15560.  0.44622E-04
 15565.  0.45175E-04
 15570.  0.43512E-04
 15575.  0.40496E-04
 15580.  0.39022E-04
 15585.  0.39821E-04
 15590.  0.41635E-04
 15595.  0.43078E-04
 15600.  0.43146E-04
 15605.  0.41604E-04
 15610.  0.40201E-04
 15615.  0.40704E-04
 15620.  0.42514E-04
 15625.  0.43678E-04
 15630.  0.43336E-04
 15635.  0.42348E-04
 15640.  0.42633E-04
 15645.  0.45017E-04
 15650.  0.47660E-04
 15655.  0.47783E-04
 15660.  0.46042E-04
 15665.  0.45000E-04
 15670.  0.45295E-04
 15675.  0.46189E-04
 15680.  0.47933E-04
 15685.  0.50020E-04
 15690.  0.50517E-04
 15695.  0.48043E-04
 15700.  0.44097E-04
 15705.  0.41459E-04
 15710.  0.41870E-04
 15715.  0.45171E-04
 15720.  0.49124E-04
 15725.  0.50885E-04
 15730.  0.49958E-04
 15735.  0.48248E-04
 15740.  0.47694E-04
 15745.  0.48427E-04
 15750.  0.49267E-04
 15755.  0.49207E-04
 15760.  0.47155E-04
 15765.  0.41799E-04
 15770.  0.38428E-04
 15775.  0.38206E-04
 15780.  0.39222E-04
 15785.  0.39629E-04
 15790.  0.39495E-04
 15795.  0.40668E-04
 15800.  0.42883E-04
 15805.  0.43693E-04
 15810.  0.43800E-04
 15815.  0.45382E-04
 15820.  0.46950E-04
 15825.  0.46919E-04
 15830.  0.45581E-04
 15835.  0.44187E-04
 15840.  0.43898E-04
 15845.  0.45761E-04
 15850.  0.49394E-04
 15855.  0.50981E-04
 15860.  0.49421E-04
 15865.  0.47842E-04
 15870.  0.47907E-04
 15875.  0.47991E-04
 15880.  0.46712E-04
 15885.  0.45443E-04
 15890.  0.46445E-04
 15895.  0.48954E-04
 15900.  0.50394E-04
 15905.  0.50417E-04
 15910.  0.49634E-04
 15915.  0.48709E-04
 15920.  0.48445E-04
 15925.  0.48918E-04
 15930.  0.49114E-04
 15935.  0.48221E-04
 15940.  0.47751E-04
 15945.  0.49267E-04
 15950.  0.51016E-04
 15955.  0.51625E-04
 15960.  0.52569E-04
 15965.  0.53924E-04
 15970.  0.52659E-04
 15975.  0.47538E-04
 15980.  0.42461E-04
 15985.  0.41903E-04
 15990.  0.44199E-04
 15995.  0.45251E-04
 16000.  0.45233E-04
 16005.  0.45515E-04
 16010.  0.45827E-04
 16015.  0.45765E-04
 16020.  0.45903E-04
 16025.  0.46915E-04
 16030.  0.48339E-04
 16035.  0.49600E-04
 16040.  0.51313E-04
 16045.  0.53234E-04
 16050.  0.53925E-04
 16055.  0.52691E-04
 16060.  0.50699E-04
 16065.  0.49496E-04
 16070.  0.49532E-04
 16075.  0.50103E-04
 16080.  0.50695E-04
 16085.  0.51342E-04
 16090.  0.51875E-04
 16095.  0.52565E-04
 16100.  0.53838E-04
 16105.  0.55617E-04
 16110.  0.55362E-04
 16115.  0.53238E-04
 16120.  0.50966E-04
 16125.  0.51377E-04
 16130.  0.53137E-04
 16135.  0.54237E-04
 16140.  0.52743E-04
 16145.  0.51269E-04
 16150.  0.51520E-04
 16155.  0.54198E-04
 16160.  0.56897E-04
 16165.  0.58377E-04
 16170.  0.57504E-04
 16175.  0.53750E-04
 16180.  0.48207E-04
 16185.  0.42965E-04
 16190.  0.42228E-04
 16195.  0.44257E-04
 16200.  0.46961E-04
 16205.  0.48708E-04
 16210.  0.49825E-04
 16215.  0.50612E-04
 16220.  0.51924E-04
 16225.  0.53588E-04
 16230.  0.54296E-04
 16235.  0.52541E-04
 16240.  0.50918E-04
 16245.  0.50589E-04
 16250.  0.51344E-04
 16255.  0.52135E-04
 16260.  0.52409E-04
 16265.  0.51537E-04
 16270.  0.50934E-04
 16275.  0.51192E-04
 16280.  0.52309E-04
 16285.  0.53406E-04
 16290.  0.53855E-04
 16295.  0.53110E-04
 16300.  0.53263E-04
 16305.  0.54812E-04
 16310.  0.56728E-04
 16315.  0.57000E-04
 16320.  0.56824E-04
 16325.  0.57075E-04
 16330.  0.56137E-04
 16335.  0.55277E-04
 16340.  0.55522E-04
 16345.  0.55817E-04
 16350.  0.56099E-04
 16355.  0.57021E-04
 16360.  0.59145E-04
 16365.  0.59646E-04
 16370.  0.57213E-04
 16375.  0.54302E-04
 16380.  0.53473E-04
 16385.  0.53865E-04
 16390.  0.52964E-04
 16395.  0.51506E-04
 16400.  0.50360E-04
 16405.  0.50130E-04
 16410.  0.49768E-04
 16415.  0.49433E-04
 16420.  0.49666E-04
 16425.  0.50300E-04
 16430.  0.51024E-04
 16435.  0.51788E-04
 16440.  0.52757E-04
 16445.  0.53591E-04
 16450.  0.54059E-04
 16455.  0.55399E-04
 16460.  0.56782E-04
 16465.  0.56426E-04
 16470.  0.54235E-04
 16475.  0.52701E-04
 16480.  0.53365E-04
 16485.  0.54981E-04
 16490.  0.56203E-04
 16495.  0.56545E-04
 16500.  0.56792E-04
 16505.  0.57090E-04
 16510.  0.57309E-04
 16515.  0.57244E-04
 16520.  0.55899E-04
 16525.  0.53383E-04
 16530.  0.51005E-04
 16535.  0.50238E-04
 16540.  0.51684E-04
 16545.  0.54951E-04
 16550.  0.57504E-04
 16555.  0.58496E-04
 16560.  0.58577E-04
 16565.  0.59349E-04
 16570.  0.59678E-04
 16575.  0.57891E-04
 16580.  0.55750E-04
 16585.  0.54361E-04
 16590.  0.54350E-04
 16595.  0.54950E-04
 16600.  0.55064E-04
 16605.  0.53288E-04
 16610.  0.50036E-04
 16615.  0.47596E-04
 16620.  0.47527E-04
 16625.  0.49158E-04
 16630.  0.51074E-04
 16635.  0.52672E-04
 16640.  0.54435E-04
 16645.  0.56121E-04
 16650.  0.57114E-04
 16655.  0.56259E-04
 16660.  0.54471E-04
 16665.  0.53208E-04
 16670.  0.53961E-04
 16675.  0.55358E-04
 16680.  0.56271E-04
 16685.  0.55714E-04
 16690.  0.55262E-04
 16695.  0.55584E-04
 16700.  0.56452E-04
 16705.  0.57117E-04
 16710.  0.57577E-04
 16715.  0.57178E-04
 16720.  0.55756E-04
 16725.  0.54456E-04
 16730.  0.54923E-04
 16735.  0.56465E-04
 16740.  0.57230E-04
 16745.  0.56262E-04
 16750.  0.55205E-04
 16755.  0.55078E-04
 16760.  0.56408E-04
 16765.  0.58211E-04
 16770.  0.59565E-04
 16775.  0.59849E-04
 16780.  0.59199E-04
 16785.  0.58378E-04
 16790.  0.57796E-04
 16795.  0.57456E-04
 16800.  0.57277E-04
 16805.  0.57305E-04
 16810.  0.57546E-04
 16815.  0.58113E-04
 16820.  0.58649E-04
 16825.  0.57864E-04
 16830.  0.55613E-04
 16835.  0.53028E-04
 16840.  0.52747E-04
 16845.  0.53592E-04
 16850.  0.54449E-04
 16855.  0.54477E-04
 16860.  0.54390E-04
 16865.  0.54845E-04
 16870.  0.56350E-04
 16875.  0.57826E-04
 16880.  0.58657E-04
 16885.  0.58497E-04
 16890.  0.58514E-04
 16895.  0.58784E-04
 16900.  0.59144E-04
 16905.  0.58951E-04
 16910.  0.58496E-04
 16915.  0.57948E-04
 16920.  0.57238E-04
 16925.  0.56649E-04
 16930.  0.56599E-04
 16935.  0.56614E-04
 16940.  0.56750E-04
 16945.  0.56538E-04
 16950.  0.55249E-04
 16955.  0.54580E-04
 16960.  0.55594E-04
 16965.  0.58098E-04
 16970.  0.59666E-04
 16975.  0.60161E-04
 16980.  0.60314E-04
 16985.  0.59780E-04
 16990.  0.58908E-04
 16995.  0.58573E-04
 17000.  0.58407E-04
 17005.  0.58631E-04
 17010.  0.59721E-04
 17015.  0.60700E-04
 17020.  0.61048E-04
 17025.  0.60341E-04
 17030.  0.59513E-04
 17035.  0.59345E-04
 17040.  0.60178E-04
 17045.  0.60137E-04
 17050.  0.58216E-04
 17055.  0.54127E-04
 17060.  0.50609E-04
 17065.  0.49224E-04
 17070.  0.50498E-04
 17075.  0.52234E-04
 17080.  0.53885E-04
 17085.  0.55712E-04
 17090.  0.57213E-04
 17095.  0.58041E-04
 17100.  0.57875E-04
 17105.  0.56813E-04
 17110.  0.56308E-04
 17115.  0.56951E-04
 17120.  0.58147E-04
 17125.  0.58382E-04
 17130.  0.57991E-04
 17135.  0.58526E-04
 17140.  0.60140E-04
 17145.  0.61571E-04
 17150.  0.60729E-04
 17155.  0.59556E-04
 17160.  0.58741E-04
 17165.  0.58416E-04
 17170.  0.57959E-04
 17175.  0.57537E-04
 17180.  0.57517E-04
 17185.  0.57016E-04
 17190.  0.56171E-04
 17195.  0.55317E-04
 17200.  0.55023E-04
 17205.  0.56351E-04
 17210.  0.59299E-04
 17215.  0.59609E-04
 17220.  0.58287E-04
 17225.  0.56574E-04
 17230.  0.55992E-04
 17235.  0.56785E-04
 17240.  0.58820E-04
 17245.  0.60825E-04
 17250.  0.61488E-04
 17255.  0.60427E-04
 17260.  0.58721E-04
 17265.  0.57775E-04
 17270.  0.58275E-04
 17275.  0.59653E-04
 17280.  0.59478E-04
 17285.  0.57526E-04
 17290.  0.55435E-04
 17295.  0.54889E-04
 17300.  0.55243E-04
 17305.  0.54963E-04
 17310.  0.54078E-04
 17315.  0.53893E-04
 17320.  0.55483E-04
 17325.  0.56891E-04
 17330.  0.57733E-04
 17335.  0.58152E-04
 17340.  0.58424E-04
 17345.  0.58523E-04
 17350.  0.58450E-04
 17355.  0.58623E-04
 17360.  0.59763E-04
 17365.  0.61958E-04
 17370.  0.63431E-04
 17375.  0.63162E-04
 17380.  0.61123E-04
 17385.  0.58912E-04
 17390.  0.57926E-04
 17395.  0.58158E-04
 17400.  0.58476E-04
 17405.  0.58613E-04
 17410.  0.58628E-04
 17415.  0.58738E-04
 17420.  0.59041E-04
 17425.  0.59623E-04
 17430.  0.60288E-04
 17435.  0.60632E-04
 17440.  0.60371E-04
 17445.  0.59260E-04
 17450.  0.57254E-04
 17455.  0.55501E-04
 17460.  0.56046E-04
 17465.  0.58764E-04
 17470.  0.61050E-04
 17475.  0.60356E-04
 17480.  0.59526E-04
 17485.  0.59235E-04
 17490.  0.53814E-04
 17495.  0.58671E-04
 17500.  0.57105E-04
 17505.  0.55248E-04
 17510.  0.54121E-04
 17515.  0.53402E-04
 17520.  0.52965E-04
 17525.  0.52231E-04
 17530.  0.51211E-04
 17535.  0.50120E-04
 17540.  0.50485E-04
 17545.  0.51594E-04
 17550.  0.52985E-04
 17555.  0.53205E-04
 17560.  0.53442E-04
 17565.  0.54061E-04
 17570.  0.55645E-04
 17575.  0.56357E-04
 17580.  0.56011E-04
 17585.  0.54347E-04
 17590.  0.52804E-04
 17595.  0.51894E-04
 17600.  0.52544E-04
 17605.  0.53011E-04
 17610.  0.53260E-04
 17615.  0.53393E-04
 17620.  0.55112E-04
 17625.  0.56694E-04
 17630.  0.56345E-04
 17635.  0.54890E-04
 17640.  0.53479E-04
 17645.  0.53055E-04
 17650.  0.55022E-04
 17655.  0.56027E-04
 17660.  0.53909E-04
 17665.  0.47745E-04
 17670.  0.41669E-04
 17675.  0.37521E-04
 17680.  0.36713E-04
 17685.  0.37005E-04
 17690.  0.37586E-04
 17695.  0.37079E-04
 17700.  0.36651E-04
 17705.  0.36520E-04
 17710.  0.36646E-04
 17715.  0.36912E-04
 17720.  0.37177E-04
 17725.  0.37129E-04
 17730.  0.37976E-04
 17735.  0.39220E-04
 17740.  0.39803E-04
 17745.  0.38766E-04
 17750.  0.37363E-04
 17755.  0.37269E-04
 17760.  0.37502E-04
 17765.  0.37483E-04
 17770.  0.36579E-04
 17775.  0.35709E-04
 17780.  0.35108E-04
 17785.  0.34831E-04
 17790.  0.33003E-04
 17795.  0.31234E-04
 17800.  0.30744E-04
 17805.  0.33562E-04
 17810.  0.36461E-04
 17815.  0.38058E-04
 17820.  0.38019E-04
 17825.  0.37076E-04
 17830.  0.35453E-04
 17835.  0.33475E-04
 17840.  0.33057E-04
 17845.  0.34374E-04
 17850.  0.36742E-04
 17855.  0.38544E-04
 17860.  0.39662E-04
 17865.  0.40314E-04
 17870.  0.40255E-04
 17875.  0.39907E-04
 17880.  0.40078E-04
 17885.  0.39744E-04
 17890.  0.39114E-04
 17895.  0.38539E-04
 17900.  0.38890E-04
 17905.  0.39380E-04
 17910.  0.39139E-04
 17915.  0.37967E-04
 17920.  0.36915E-04
 17925.  0.36956E-04
 17930.  0.38584E-04
 17935.  0.40663E-04
 17940.  0.42564E-04
 17945.  0.43311E-04
 17950.  0.43132E-04
 17955.  0.42051E-04
 17960.  0.40971E-04
 17965.  0.40350E-04
 17970.  0.40440E-04
 17975.  0.41558E-04
 17980.  0.40860E-04
 17985.  0.38313E-04
 17990.  0.36778E-04
 17995.  0.36732E-04
 18000.  0.37538E-04
 18005.  0.36272E-04
 18010.  0.37686E-04
 18015.  0.41138E-04
 18020.  0.44418E-04
 18025.  0.47086E-04
 18030.  0.48773E-04
 18035.  0.48484E-04
 18040.  0.45530E-04
 18045.  0.41435E-04
 18050.  0.37655E-04
 18055.  0.36649E-04
 18060.  0.37902E-04
 18065.  0.41701E-04
 18070.  0.44365E-04
 18075.  0.45653E-04
 18080.  0.45696E-04
 18085.  0.45541E-04
 18090.  0.45385E-04
 18095.  0.45229E-04
 18100.  0.45074E-04
 18105.  0.44918E-04
 18110.  0.44763E-04
 18115.  0.44607E-04
 18120.  0.44452E-04
 18125.  0.44296E-04
 18130.  0.44140E-04
 18135.  0.43985E-04
 18140.  0.43829E-04
 18145.  0.43674E-04
 18150.  0.43518E-04
 18155.  0.43363E-04
 18160.  0.43207E-04
 18165.  0.43052E-04
 18170.  0.42896E-04
 18175.  0.42740E-04
 18180.  0.42585E-04
 18185.  0.42429E-04
 18190.  0.42274E-04
 18195.  0.42118E-04
 18200.  0.41963E-04
 18205.  0.41807E-04
 18210.  0.41651E-04
 18215.  0.41496E-04
 18220.  0.41340E-04
 18225.  0.41185E-04
 18230.  0.41029E-04
 18235.  0.40874E-04
 18240.  0.40718E-04
 18245.  0.40563E-04
 18250.  0.40407E-04
 18255.  0.40251E-04
 18260.  0.40096E-04
 18265.  0.39940E-04
 18270.  0.39785E-04
 18275.  0.39629E-04
 18280.  0.39474E-04
 18285.  0.39296E-04
 18290.  0.39371E-04
 18295.  0.39446E-04
 18300.  0.39521E-04
 18305.  0.39596E-04
 18310.  0.39671E-04
 18315.  0.39746E-04
 18320.  0.39821E-04
 18325.  0.39896E-04
 18330.  0.39971E-04
 18335.  0.40046E-04
 18340.  0.40121E-04
 18345.  0.40196E-04
 18350.  0.40271E-04
 18355.  0.40346E-04
 18360.  0.40421E-04
 18365.  0.40496E-04
 18370.  0.40571E-04
 18375.  0.40646E-04
 18380.  0.40721E-04
 18385.  0.40797E-04
 18390.  0.40872E-04
 18395.  0.40947E-04
 18400.  0.41022E-04
 18405.  0.41097E-04
 18410.  0.41172E-04
 18415.  0.41247E-04
 18420.  0.41322E-04
 18425.  0.41397E-04
 18430.  0.41472E-04
 18435.  0.41547E-04
 18440.  0.41622E-04
 18445.  0.41697E-04
 18450.  0.41772E-04
 18455.  0.41847E-04
 18460.  0.41922E-04
 18465.  0.41997E-04
 18470.  0.42072E-04
 18475.  0.42147E-04
 18480.  0.42222E-04
 18485.  0.42297E-04
 18490.  0.42372E-04
 18495.  0.42447E-04
 18500.  0.42522E-04
 18505.  0.42597E-04
 18510.  0.42672E-04
 18515.  0.42747E-04
 18520.  0.42822E-04
 18525.  0.42897E-04
 18530.  0.42972E-04
 18535.  0.43047E-04
 18540.  0.43122E-04
 18545.  0.43197E-04
 18550.  0.43272E-04
 18555.  0.43347E-04
 18560.  0.43422E-04
 18565.  0.43498E-04
 18570.  0.43573E-04
 18575.  0.43648E-04
 18580.  0.43723E-04
 18585.  0.43798E-04
 18590.  0.43873E-04
 18595.  0.43948E-04
 18600.  0.44023E-04
 18605.  0.44098E-04
 18610.  0.44173E-04
 18615.  0.44248E-04
 18620.  0.44323E-04
 18625.  0.44398E-04
 18630.  0.44473E-04
 18635.  0.44548E-04
 18640.  0.44623E-04
 18645.  0.44698E-04
 18650.  0.44773E-04
 18655.  0.44848E-04
 18660.  0.44923E-04
 18665.  0.44998E-04
 18670.  0.45073E-04
 18675.  0.45148E-04
 18680.  0.45223E-04
 18685.  0.45298E-04
 18690.  0.45373E-04
 18695.  0.45448E-04
 18700.  0.45523E-04
 18705.  0.45598E-04
 18710.  0.45673E-04
 18715.  0.45748E-04
 18720.  0.45823E-04
 18725.  0.45898E-04
 18730.  0.45973E-04
 18735.  0.46048E-04
 18740.  0.46123E-04
 18745.  0.46199E-04
 18750.  0.46274E-04
 18755.  0.46290E-04
 18760.  0.46280E-04
 18765.  0.46269E-04
 18770.  0.46258E-04
 18775.  0.46248E-04
 18780.  0.46237E-04
 18785.  0.46226E-04
 18790.  0.46216E-04
 18795.  0.46205E-04
 18800.  0.46194E-04
 18805.  0.46184E-04
 18810.  0.46173E-04
 18815.  0.46162E-04
 18820.  0.46151E-04
 18825.  0.46141E-04
 18830.  0.46130E-04
 18835.  0.46119E-04
 18840.  0.46109E-04
 18845.  0.46098E-04
 18850.  0.46087E-04
 18855.  0.46077E-04
 18860.  0.46066E-04
 18865.  0.46055E-04
 18870.  0.46045E-04
 18875.  0.46034E-04
 18880.  0.46023E-04
 18885.  0.46013E-04
 18890.  0.46002E-04
 18895.  0.45991E-04
 18900.  0.45981E-04
 18905.  0.45970E-04
 18910.  0.45959E-04
 18915.  0.45949E-04
 18920.  0.45938E-04
 18925.  0.45927E-04
 18930.  0.45917E-04
 18935.  0.45906E-04
 18940.  0.45895E-04
 18945.  0.45884E-04
 18950.  0.45874E-04
 18955.  0.45863E-04
 18960.  0.45852E-04
 18965.  0.45842E-04
 18970.  0.45831E-04
 18975.  0.45820E-04
 18980.  0.45810E-04
 18985.  0.45799E-04
 18990.  0.45788E-04
 18995.  0.45778E-04
 19000.  0.45767E-04
 19005.  0.45756E-04
 19010.  0.45746E-04
 19015.  0.45735E-04
 19020.  0.45724E-04
 19025.  0.45714E-04
 19030.  0.45703E-04
 19035.  0.45692E-04
 19040.  0.45682E-04
 19045.  0.45671E-04
 19050.  0.45660E-04
 19055.  0.45650E-04
 19060.  0.45639E-04
 19065.  0.45628E-04
 19070.  0.45618E-04
 19075.  0.45607E-04
 19080.  0.45596E-04
 19085.  0.45585E-04
 19090.  0.45575E-04
 19095.  0.45564E-04
 19100.  0.45553E-04
 19105.  0.45543E-04
 19110.  0.45532E-04
 19115.  0.45521E-04
 19120.  0.45511E-04
 19125.  0.45500E-04
 19130.  0.45489E-04
 19135.  0.45479E-04
 19140.  0.45468E-04
 19145.  0.45457E-04
 19150.  0.45447E-04
 19155.  0.45436E-04
 19160.  0.45425E-04
 19165.  0.45415E-04
 19170.  0.45404E-04
 19175.  0.45393E-04
 19180.  0.45383E-04
 19185.  0.45372E-04
 19190.  0.45361E-04
 19195.  0.45351E-04
 19200.  0.45340E-04
 19205.  0.45329E-04
 19210.  0.45318E-04
 19215.  0.45308E-04
 19220.  0.45297E-04
 19225.  0.45286E-04
 19230.  0.45276E-04
 19235.  0.45265E-04
 19240.  0.45254E-04
 19245.  0.45244E-04
 19250.  0.45233E-04
 19255.  0.45222E-04
 19260.  0.45212E-04
 19265.  0.45201E-04
 19270.  0.45190E-04
 19275.  0.45180E-04
 19280.  0.45169E-04
 19285.  0.45158E-04
 19290.  0.45148E-04
 19295.  0.45137E-04
 19300.  0.45126E-04
 19305.  0.45116E-04
 19310.  0.45105E-04
 19315.  0.45094E-04
 19320.  0.45084E-04
 19325.  0.45079E-04
 19330.  0.45077E-04
 19335.  0.46469E-04
 19340.  0.45463E-04
 19345.  0.41597E-04
 19350.  0.37819E-04
 19355.  0.36962E-04
 19360.  0.38607E-04
 19365.  0.39734E-04
 19370.  0.38344E-04
 19375.  0.38228E-04
 19380.  0.40985E-04
 19385.  0.47394E-04
 19390.  0.48213E-04
 19395.  0.45829E-04
 19400.  0.41656E-04
 19405.  0.42741E-04
 19410.  0.42345E-04
 19415.  0.38568E-04
 19420.  0.34234E-04
 19425.  0.31829E-04
 19430.  0.31882E-04
 19435.  0.34732E-04
 19440.  0.39432E-04
 19445.  0.44414E-04
 19450.  0.45276E-04
 19455.  0.43237E-04
 19460.  0.40088E-04
 19465.  0.38452E-04
 19470.  0.38663E-04
 19475.  0.39851E-04
 19480.  0.41322E-04
 19485.  0.42014E-04
 19490.  0.42322E-04
 19495.  0.42444E-04
 19500.  0.42288E-04
 19505.  0.41492E-04
 19510.  0.39694E-04
 19515.  0.39260E-04
 19520.  0.39512E-04
 19525.  0.40043E-04
 19530.  0.39482E-04
 19535.  0.38192E-04
 19540.  0.36485E-04
 19545.  0.36461E-04
 19550.  0.37906E-04
 19555.  0.40512E-04
 19560.  0.42257E-04
 19565.  0.42589E-04
 19570.  0.41776E-04
 19575.  0.41306E-04
 19580.  0.42282E-04
 19585.  0.43916E-04
 19590.  0.43069E-04
 19595.  0.41518E-04
 19600.  0.40069E-04
 19605.  0.39931E-04
 19610.  0.39565E-04
 19615.  0.38712E-04
 19620.  0.36983E-04
 19625.  0.35906E-04
 19630.  0.35541E-04
 19635.  0.36219E-04
 19640.  0.36652E-04
 19645.  0.37125E-04
 19650.  0.37959E-04
 19655.  0.38826E-04
 19660.  0.39094E-04
 19665.  0.38553E-04
 19670.  0.38446E-04
 19675.  0.38885E-04
 19680.  0.39842E-04
 19685.  0.39861E-04
 19690.  0.39236E-04
 19695.  0.38070E-04
 19700.  0.36827E-04
 19705.  0.36842E-04
 19710.  0.37958E-04
 19715.  0.38210E-04
 19720.  0.37079E-04
 19725.  0.35005E-04
 19730.  0.33437E-04
 19735.  0.32804E-04
 19740.  0.32943E-04
 19745.  0.33733E-04
 19750.  0.35070E-04
 19755.  0.36223E-04
 19760.  0.35884E-04
 19765.  0.34852E-04
 19770.  0.33812E-04
 19775.  0.33500E-04
 19780.  0.33344E-04
 19785.  0.33642E-04
 19790.  0.34834E-04
 19795.  0.36272E-04
 19800.  0.37089E-04
 19805.  0.36546E-04
 19810.  0.35476E-04
 19815.  0.34865E-04
 19820.  0.35254E-04
 19825.  0.36237E-04
 19830.  0.36908E-04
 19835.  0.36936E-04
 19840.  0.36560E-04
 19845.  0.35621E-04
 19850.  0.34096E-04
 19855.  0.32191E-04
 19860.  0.31309E-04
 19865.  0.31654E-04
 19870.  0.33378E-04
 19875.  0.34281E-04
 19880.  0.34316E-04
 19885.  0.33848E-04
 19890.  0.34441E-04
 19895.  0.35743E-04
 19900.  0.37170E-04
 19905.  0.37164E-04
 19910.  0.36166E-04
 19915.  0.34512E-04
 19920.  0.33669E-04
 19925.  0.33532E-04
 19930.  0.34189E-04
 19935.  0.34712E-04
 19940.  0.34689E-04
 19945.  0.33754E-04
 19950.  0.33255E-04
 19955.  0.33190E-04
 19960.  0.33609E-04
 19965.  0.34034E-04
 19970.  0.34830E-04
 19975.  0.36125E-04
 19980.  0.37362E-04
 19985.  0.37592E-04
 19990.  0.36602E-04
 19995.  0.35005E-04
 20000.  0.33735E-04
 20005.  0.32962E-04
 20010.  0.32711E-04
 20015.  0.32992E-04
 20020.  0.33504E-04
 20025.  0.33541E-04
 20030.  0.33779E-04
 20035.  0.34393E-04
 20040.  0.35748E-04
 20045.  0.37172E-04
 20050.  0.38158E-04
 20055.  0.38517E-04
 20060.  0.38099E-04
 20065.  0.37318E-04
 20070.  0.36473E-04
 20075.  0.36086E-04
 20080.  0.35732E-04
 20085.  0.35076E-04
 20090.  0.34134E-04
 20095.  0.33365E-04
 20100.  0.33123E-04
 20105.  0.33693E-04
 20110.  0.34426E-04
 20115.  0.34980E-04
 20120.  0.34637E-04
 20125.  0.34507E-04
 20130.  0.34989E-04
 20135.  0.36309E-04
 20140.  0.37406E-04
 20145.  0.37784E-04
 20150.  0.36281E-04
 20155.  0.34699E-04
 20160.  0.33726E-04
 20165.  0.34728E-04
 20170.  0.36062E-04
 20175.  0.37145E-04
 20180.  0.37067E-04
 20185.  0.36332E-04
 20190.  0.35256E-04
 20195.  0.34069E-04
 20200.  0.33055E-04
 20205.  0.32181E-04
 20210.  0.31489E-04
 20215.  0.31539E-04
 20220.  0.32234E-04
 20225.  0.33655E-04
 20230.  0.34542E-04
 20235.  0.34642E-04
 20240.  0.33691E-04
 20245.  0.32983E-04
 20250.  0.32793E-04
 20255.  0.33383E-04
 20260.  0.34966E-04
 20265.  0.36363E-04
 20270.  0.37108E-04
 20275.  0.36868E-04
 20280.  0.36167E-04
 20285.  0.35300E-04
 20290.  0.35050E-04
 20295.  0.35942E-04
 20300.  0.37553E-04
 20305.  0.38467E-04
 20310.  0.38002E-04
 20315.  0.36592E-04
 20320.  0.35003E-04
 20325.  0.34395E-04
 20330.  0.34532E-04
 20335.  0.35199E-04
 20340.  0.35679E-04
 20345.  0.36016E-04
 20350.  0.36254E-04
 20355.  0.36317E-04
 20360.  0.36097E-04
 20365.  0.35427E-04
 20370.  0.35182E-04
 20375.  0.35421E-04
 20380.  0.36276E-04
 20385.  0.37109E-04
 20390.  0.37641E-04
 20395.  0.37511E-04
 20400.  0.35519E-04
 20405.  0.33795E-04
 20410.  0.33143E-04
 20415.  0.33551E-04
 20420.  0.34127E-04
 20425.  0.34440E-04
 20430.  0.33479E-04
 20435.  0.31840E-04
 20440.  0.29969E-04
 20445.  0.28981E-04
 20450.  0.29058E-04
 20455.  0.29904E-04
 20460.  0.31070E-04
 20465.  0.32048E-04
 20470.  0.32761E-04
 20475.  0.33025E-04
 20480.  0.32571E-04
 20485.  0.31702E-04
 20490.  0.30666E-04
 20495.  0.30268E-04
 20500.  0.30509E-04
 20505.  0.31617E-04
 20510.  0.33144E-04
 20515.  0.34558E-04
 20520.  0.35385E-04
 20525.  0.34992E-04
 20530.  0.33858E-04
 20535.  0.32158E-04
 20540.  0.30976E-04
 20545.  0.30305E-04
 20550.  0.30132E-04
 20555.  0.29808E-04
 20560.  0.29680E-04
 20565.  0.29809E-04
 20570.  0.29941E-04
 20575.  0.29821E-04
 20580.  0.29482E-04
 20585.  0.29208E-04
 20590.  0.29383E-04
 20595.  0.29982E-04
 20600.  0.30949E-04
 20605.  0.31832E-04
 20610.  0.32531E-04
 20615.  0.32864E-04
 20620.  0.32974E-04
 20625.  0.32762E-04
 20630.  0.31906E-04
 20635.  0.30927E-04
 20640.  0.30356E-04
 20645.  0.30885E-04
 20650.  0.31907E-04
 20655.  0.32968E-04
 20660.  0.33744E-04
 20665.  0.34191E-04
 20670.  0.34280E-04
 20675.  0.33851E-04
 20680.  0.32614E-04
 20685.  0.31078E-04
 20690.  0.29535E-04
 20695.  0.28979E-04
 20700.  0.29253E-04
 20705.  0.30283E-04
 20710.  0.31506E-04
 20715.  0.32359E-04
 20720.  0.32615E-04
 20725.  0.31778E-04
 20730.  0.30659E-04
 20735.  0.29706E-04
 20740.  0.29906E-04
 20745.  0.30507E-04
 20750.  0.31096E-04
 20755.  0.31010E-04
 20760.  0.31144E-04
 20765.  0.31550E-04
 20770.  0.32283E-04
 20775.  0.32255E-04
 20780.  0.31646E-04
 20785.  0.30521E-04
 20790.  0.30082E-04
 20795.  0.30336E-04
 20800.  0.31447E-04
 20805.  0.32145E-04
 20810.  0.32434E-04
 20815.  0.32237E-04
 20820.  0.31910E-04
 20825.  0.31503E-04
 20830.  0.31051E-04
 20835.  0.30810E-04
 20840.  0.31159E-04
 20845.  0.32231E-04
 20850.  0.33644E-04
 20855.  0.34613E-04
 20860.  0.34880E-04
 20865.  0.34128E-04
 20870.  0.33375E-04
 20875.  0.32920E-04
 20880.  0.33223E-04
 20885.  0.32833E-04
 20890.  0.31813E-04
 20895.  0.30489E-04
 20900.  0.30286E-04
 20905.  0.31091E-04
 20910.  0.32958E-04
 20915.  0.34187E-04
 20920.  0.34759E-04
 20925.  0.34490E-04
 20930.  0.33842E-04
 20935.  0.32964E-04
 20940.  0.31877E-04
 20945.  0.30778E-04
 20950.  0.29985E-04
 20955.  0.29846E-04
 20960.  0.30685E-04
 20965.  0.31723E-04
 20970.  0.32619E-04
 20975.  0.33327E-04
 20980.  0.33992E-04
 20985.  0.34568E-04
 20990.  0.34502E-04
 20995.  0.33529E-04
 21000.  0.31750E-04
 21005.  0.30153E-04
 21010.  0.29603E-04
 21015.  0.30178E-04
 21020.  0.31860E-04
 21025.  0.33236E-04
 21030.  0.33932E-04
 21035.  0.33239E-04
 21040.  0.32669E-04
 21045.  0.32456E-04
 21050.  0.32875E-04
 21055.  0.32724E-04
 21060.  0.31931E-04
 21065.  0.30243E-04
 21070.  0.28862E-04
 21075.  0.28129E-04
 21080.  0.28597E-04
 21085.  0.29904E-04
 21090.  0.31286E-04
 21095.  0.32182E-04
 21100.  0.32122E-04
 21105.  0.31550E-04
 21110.  0.30624E-04
 21115.  0.29910E-04
 21120.  0.29484E-04
 21125.  0.29417E-04
 21130.  0.29653E-04
 21135.  0.29848E-04
 21140.  0.29875E-04
 21145.  0.29586E-04
 21150.  0.29421E-04
 21155.  0.29593E-04
 21160.  0.30636E-04
 21165.  0.31985E-04
 21170.  0.33289E-04
 21175.  0.33817E-04
 21180.  0.33340E-04
 21185.  0.32148E-04
 21190.  0.30509E-04
 21195.  0.29503E-04
 21200.  0.29355E-04
 21205.  0.30668E-04
 21210.  0.32168E-04
 21215.  0.33457E-04
 21220.  0.34092E-04
 21225.  0.34042E-04
 21230.  0.33506E-04
 21235.  0.32488E-04
 21240.  0.31639E-04
 21245.  0.31173E-04
 21250.  0.31286E-04
 21255.  0.31630E-04
 21260.  0.31980E-04
 21265.  0.32241E-04
 21270.  0.32367E-04
 21275.  0.32259E-04
 21280.  0.31936E-04
 21285.  0.31793E-04
 21290.  0.31962E-04
 21295.  0.32333E-04
 21300.  0.32324E-04
 21305.  0.31567E-04
 21310.  0.30216E-04
 21315.  0.28691E-04
 21320.  0.27756E-04
 21325.  0.27363E-04
 21330.  0.27468E-04
 21335.  0.27765E-04
 21340.  0.28274E-04
 21345.  0.29193E-04
 21350.  0.30591E-04
 21355.  0.32058E-04
 21360.  0.33121E-04
 21365.  0.33189E-04
 21370.  0.32598E-04
 21375.  0.31421E-04
 21380.  0.30324E-04
 21385.  0.29527E-04
 21390.  0.29257E-04
 21395.  0.29529E-04
 21400.  0.30012E-04
 21405.  0.30587E-04
 21410.  0.31114E-04
 21415.  0.31461E-04
 21420.  0.31542E-04
 21425.  0.31234E-04
 21430.  0.30686E-04
 21435.  0.29939E-04
 21440.  0.29027E-04
 21445.  0.28232E-04
 21450.  0.27659E-04
 21455.  0.27569E-04
 21460.  0.27772E-04
 21465.  0.28075E-04
 21470.  0.28136E-04
 21475.  0.27831E-04
 21480.  0.27449E-04
 21485.  0.27466E-04
 21490.  0.28091E-04
 21495.  0.29091E-04
 21500.  0.30322E-04
 21505.  0.31146E-04
 21510.  0.31462E-04
 21515.  0.31000E-04
 21520.  0.30151E-04
 21525.  0.29301E-04
 21530.  0.28723E-04
 21535.  0.28632E-04
 21540.  0.28748E-04
 21545.  0.28962E-04
 21550.  0.29053E-04
 21555.  0.29305E-04
 21560.  0.29850E-04
 21565.  0.30728E-04
 21570.  0.31198E-04
 21575.  0.31009E-04
 21580.  0.29945E-04
 21585.  0.28855E-04
 21590.  0.28032E-04
 21595.  0.28010E-04
 21600.  0.28372E-04
 21605.  0.28932E-04
 21610.  0.29463E-04
 21615.  0.29735E-04
 21620.  0.29783E-04
 21625.  0.29609E-04
 21630.  0.29570E-04
 21635.  0.29726E-04
 21640.  0.30218E-04
 21645.  0.30929E-04
 21650.  0.31523E-04
 21655.  0.31601E-04
 21660.  0.30915E-04
 21665.  0.29921E-04
 21670.  0.28897E-04
 21675.  0.28552E-04
 21680.  0.28656E-04
 21685.  0.29132E-04
 21690.  0.29344E-04
 21695.  0.29383E-04
 21700.  0.29318E-04
 21705.  0.29555E-04
 21710.  0.29973E-04
 21715.  0.30490E-04
 21720.  0.30789E-04
 21725.  0.30842E-04
 21730.  0.30654E-04
 21735.  0.30218E-04
 21740.  0.29698E-04
 21745.  0.29183E-04
 21750.  0.28853E-04
 21755.  0.28778E-04
 21760.  0.28911E-04
 21765.  0.29249E-04
 21770.  0.29513E-04
 21775.  0.29668E-04
 21780.  0.29647E-04
 21785.  0.29657E-04
 21790.  0.29734E-04
 21795.  0.29911E-04
 21800.  0.29824E-04
 21805.  0.29478E-04
 21810.  0.28819E-04
 21815.  0.28315E-04
 21820.  0.28222E-04
 21825.  0.28786E-04
 21830.  0.29793E-04
 21835.  0.30572E-04
 21840.  0.30819E-04
 21845.  0.30699E-04
 21850.  0.30335E-04
 21855.  0.29762E-04
 21860.  0.29105E-04
 21865.  0.28732E-04
 21870.  0.28768E-04
 21875.  0.29444E-04
 21880.  0.30203E-04
 21885.  0.30826E-04
 21890.  0.30885E-04
 21895.  0.30655E-04
 21900.  0.30342E-04
 21905.  0.30271E-04
 21910.  0.30398E-04
 21915.  0.30552E-04
 21920.  0.30468E-04
 21925.  0.29544E-04
 21930.  0.28324E-04
 21935.  0.27385E-04
 21940.  0.27650E-04
 21945.  0.28576E-04
 21950.  0.29861E-04
 21955.  0.30365E-04
 21960.  0.30274E-04
 21965.  0.29614E-04
 21970.  0.29278E-04
 21975.  0.29345E-04
 21980.  0.29860E-04
 21985.  0.30231E-04
 21990.  0.30158E-04
 21995.  0.29491E-04
 22000.  0.28254E-04
 22005.  0.27228E-04
 22010.  0.26692E-04
 22015.  0.27075E-04
 22020.  0.27955E-04
 22025.  0.29087E-04
 22030.  0.30002E-04
 22035.  0.30244E-04
 22040.  0.29845E-04
 22045.  0.28717E-04
 22050.  0.27618E-04
 22055.  0.26834E-04
 22060.  0.26881E-04
 22065.  0.27575E-04
 22070.  0.28483E-04
 22075.  0.29174E-04
 22080.  0.29244E-04
 22085.  0.28990E-04
 22090.  0.28602E-04
 22095.  0.28726E-04
 22100.  0.29296E-04
 22105.  0.30356E-04
 22110.  0.31257E-04
 22115.  0.31720E-04
 22120.  0.31491E-04
 22125.  0.30557E-04
 22130.  0.29479E-04
 22135.  0.28545E-04
 22140.  0.28416E-04
 22145.  0.28964E-04
 22150.  0.30078E-04
 22155.  0.31256E-04
 22160.  0.31970E-04
 22165.  0.32154E-04
 22170.  0.31802E-04
 22175.  0.31241E-04
 22180.  0.30556E-04
 22185.  0.29781E-04
 22190.  0.29001E-04
 22195.  0.28337E-04
 22200.  0.28063E-04
 22205.  0.28322E-04
 22210.  0.28882E-04
 22215.  0.29557E-04
 22220.  0.29886E-04
 22225.  0.29939E-04
 22230.  0.29712E-04
 22235.  0.29659E-04
 22240.  0.29817E-04
 22245.  0.30247E-04
 22250.  0.30537E-04
 22255.  0.30450E-04
 22260.  0.29761E-04
 22265.  0.28504E-04
 22270.  0.27219E-04
 22275.  0.26202E-04
 22280.  0.26057E-04
 22285.  0.26232E-04
 22290.  0.26566E-04
 22295.  0.26922E-04
 22300.  0.27463E-04
 22305.  0.28183E-04
 22310.  0.28959E-04
 22315.  0.29813E-04
 22320.  0.30668E-04
 22325.  0.31297E-04
 22330.  0.31307E-04
 22335.  0.30771E-04
 22340.  0.29654E-04
 22345.  0.28680E-04
 22350.  0.28027E-04
 22355.  0.28016E-04
 22360.  0.28277E-04
 22365.  0.28552E-04
 22370.  0.28594E-04
 22375.  0.28358E-04
 22380.  0.28025E-04
 22385.  0.27715E-04
 22390.  0.27617E-04
 22395.  0.27672E-04
 22400.  0.27844E-04
 22405.  0.27695E-04
 22410.  0.27392E-04
 22415.  0.26996E-04
 22420.  0.26660E-04
 22425.  0.26676E-04
 22430.  0.27061E-04
 22435.  0.27231E-04
 22440.  0.27048E-04
 22445.  0.26577E-04
 22450.  0.26206E-04
 22455.  0.26184E-04
 22460.  0.26497E-04
 22465.  0.27102E-04
 22470.  0.27709E-04
 22475.  0.28205E-04
 22480.  0.28378E-04
 22485.  0.28361E-04
 22490.  0.28227E-04
 22495.  0.28005E-04
 22500.  0.27708E-04
 22505.  0.27405E-04
 22510.  0.27182E-04
 22515.  0.27244E-04
 22520.  0.27457E-04
 22525.  0.27749E-04
 22530.  0.27888E-04
 22535.  0.27990E-04
 22540.  0.28116E-04
 22545.  0.28246E-04
 22550.  0.28206E-04
 22555.  0.27870E-04
 22560.  0.27217E-04
 22565.  0.26664E-04
 22570.  0.26371E-04
 22575.  0.26406E-04
 22580.  0.26489E-04
 22585.  0.26579E-04
 22590.  0.26776E-04
 22595.  0.27018E-04
 22600.  0.27212E-04
 22605.  0.27077E-04
 22610.  0.26805E-04
 22615.  0.26535E-04
 22620.  0.26535E-04
 22625.  0.26801E-04
 22630.  0.27223E-04
 22635.  0.27682E-04
 22640.  0.27768E-04
 22645.  0.27558E-04
 22650.  0.27056E-04
 22655.  0.26679E-04
 22660.  0.26475E-04
 22665.  0.26550E-04
 22670.  0.26934E-04
 22675.  0.27341E-04
 22680.  0.27576E-04
 22685.  0.27508E-04
 22690.  0.27372E-04
 22695.  0.27278E-04
 22700.  0.27328E-04
 22705.  0.27461E-04
 22710.  0.27619E-04
 22715.  0.27491E-04
 22720.  0.27301E-04
 22725.  0.27097E-04
 22730.  0.26853E-04
 22735.  0.26741E-04
 22740.  0.26777E-04
 22745.  0.26942E-04
 22750.  0.27067E-04
 22755.  0.27207E-04
 22760.  0.27574E-04
 22765.  0.27973E-04
 22770.  0.28223E-04
 22775.  0.27949E-04
 22780.  0.27437E-04
 22785.  0.26901E-04
 22790.  0.26586E-04
 22795.  0.26551E-04
 22800.  0.26646E-04
 22805.  0.26771E-04
 22810.  0.26814E-04
 22815.  0.26969E-04
 22820.  0.27409E-04
 22825.  0.27901E-04
 22830.  0.28178E-04
 22835.  0.28066E-04
 22840.  0.27834E-04
 22845.  0.27522E-04
 22850.  0.27133E-04
 22855.  0.26709E-04
 22860.  0.26336E-04
 22865.  0.26055E-04
 22870.  0.25932E-04
 22875.  0.25933E-04
 22880.  0.26083E-04
 22885.  0.26527E-04
 22890.  0.27124E-04
 22895.  0.27696E-04
 22900.  0.27796E-04
 22905.  0.27596E-04
 22910.  0.27033E-04
 22915.  0.25738E-04
 22920.  0.23574E-04
 22925.  0.20993E-04
 22930.  0.18498E-04
 22935.  0.17199E-04
 22940.  0.16845E-04
 22945.  0.17511E-04
 22950.  0.18394E-04
 22955.  0.19254E-04
 22960.  0.19922E-04
 22965.  0.20461E-04
 22970.  0.20912E-04
 22975.  0.21273E-04
 22980.  0.21584E-04
 22985.  0.21929E-04
 22990.  0.22337E-04
 22995.  0.22729E-04
 23000.  0.22917E-04
 23005.  0.22812E-04
 23010.  0.22325E-04
 23015.  0.21780E-04
 23020.  0.21332E-04
 23025.  0.21348E-04
 23030.  0.21808E-04
 23035.  0.22554E-04
 23040.  0.23236E-04
 23045.  0.23419E-04
 23050.  0.23246E-04
 23055.  0.22965E-04
 23060.  0.22781E-04
 23065.  0.22673E-04
 23070.  0.22618E-04
 23075.  0.22540E-04
 23080.  0.22502E-04
 23085.  0.22599E-04
 23090.  0.22827E-04
 23095.  0.23071E-04
 23100.  0.23231E-04
 23105.  0.23174E-04
 23110.  0.23050E-04
 23115.  0.22942E-04
 23120.  0.22924E-04
 23125.  0.22993E-04
 23130.  0.23156E-04
 23135.  0.23333E-04
 23140.  0.23340E-04
 23145.  0.23086E-04
 23150.  0.22528E-04
 23155.  0.22012E-04
 23160.  0.21686E-04
 23165.  0.21859E-04
 23170.  0.22232E-04
 23175.  0.22689E-04
 23180.  0.23056E-04
 23185.  0.23398E-04
 23190.  0.23703E-04
 23195.  0.23895E-04
 23200.  0.23458E-04
 23205.  0.22346E-04
 23210.  0.20232E-04
 23215.  0.18007E-04
 23220.  0.16143E-04
 23225.  0.15328E-04
 23230.  0.15442E-04
 23235.  0.16014E-04
 23240.  0.16802E-04
 23245.  0.17500E-04
 23250.  0.18082E-04
 23255.  0.18486E-04
 23260.  0.18644E-04
 23265.  0.18792E-04
 23270.  0.19052E-04
 23275.  0.19485E-04
 23280.  0.19914E-04
 23285.  0.20234E-04
 23290.  0.20250E-04
 23295.  0.20090E-04
 23300.  0.19813E-04
 23305.  0.19558E-04
 23310.  0.19373E-04
 23315.  0.19258E-04
 23320.  0.19210E-04
 23325.  0.19249E-04
 23330.  0.19375E-04
 23335.  0.19581E-04
 23340.  0.19822E-04
 23345.  0.20075E-04
 23350.  0.20309E-04
 23355.  0.20391E-04
 23360.  0.20323E-04
 23365.  0.20059E-04
 23370.  0.19830E-04
 23375.  0.19752E-04
 23380.  0.19984E-04
 23385.  0.20216E-04
 23390.  0.20369E-04
 23395.  0.20381E-04
 23400.  0.20422E-04
 23405.  0.20581E-04
 23410.  0.20909E-04
 23415.  0.21123E-04
 23420.  0.21142E-04
 23425.  0.20893E-04
 23430.  0.20310E-04
 23435.  0.19583E-04
 23440.  0.18859E-04
 23445.  0.18557E-04
 23450.  0.18583E-04
 23455.  0.18846E-04
 23460.  0.19101E-04
 23465.  0.19131E-04
 23470.  0.18946E-04
 23475.  0.18584E-04
 23480.  0.18265E-04
 23485.  0.18057E-04
 23490.  0.18089E-04
 23495.  0.18162E-04
 23500.  0.18078E-04
 23505.  0.17503E-04
 23510.  0.16698E-04
 23515.  0.15864E-04
 23520.  0.15198E-04
 23525.  0.14857E-04
 23530.  0.14772E-04
 23535.  0.14979E-04
 23540.  0.15347E-04
 23545.  0.15826E-04
 23550.  0.16406E-04
 23555.  0.16932E-04
 23560.  0.17208E-04
 23565.  0.17152E-04
 23570.  0.17109E-04
 23575.  0.17209E-04
 23580.  0.17474E-04
 23585.  0.17718E-04
 23590.  0.17793E-04
 23595.  0.17749E-04
 23600.  0.17977E-04
 23605.  0.18255E-04
 23610.  0.18437E-04
 23615.  0.18163E-04
 23620.  0.17627E-04
 23625.  0.17131E-04
 23630.  0.17291E-04
 23635.  0.17661E-04
 23640.  0.17991E-04
 23645.  0.17932E-04
 23650.  0.17766E-04
 23655.  0.17666E-04
 23660.  0.17839E-04
 23665.  0.18243E-04
 23670.  0.18693E-04
 23675.  0.19036E-04
 23680.  0.18994E-04
 23685.  0.18644E-04
 23690.  0.18042E-04
 23695.  0.18336E-04
 23700.  0.19206E-04
 23705.  0.20450E-04
 23710.  0.20631E-04
 23715.  0.20115E-04
 23720.  0.19054E-04
 23725.  0.18139E-04
 23730.  0.17500E-04
 23735.  0.17130E-04
 23740.  0.16824E-04
 23745.  0.16688E-04
 23750.  0.16776E-04
 23755.  0.17269E-04
 23760.  0.17749E-04
 23765.  0.18064E-04
 23770.  0.17925E-04
 23775.  0.18039E-04
 23780.  0.18349E-04
 23785.  0.18724E-04
 23790.  0.18840E-04
 23795.  0.18706E-04
 23800.  0.18237E-04
 23805.  0.17496E-04
 23810.  0.16539E-04
 23815.  0.15355E-04
 23820.  0.14523E-04
 23825.  0.14177E-04
 23830.  0.14525E-04
 23835.  0.15000E-04
 23840.  0.15398E-04
 23845.  0.15613E-04
 23850.  0.15749E-04
 23855.  0.15903E-04
 23860.  0.16089E-04
 23865.  0.16170E-04
 23870.  0.16319E-04
 23875.  0.16575E-04
 23880.  0.16891E-04
 23885.  0.17035E-04
 23890.  0.16951E-04
 23895.  0.16549E-04
 23900.  0.16371E-04
 23905.  0.16478E-04
 23910.  0.16945E-04
 23915.  0.17392E-04
 23920.  0.17700E-04
 23925.  0.17649E-04
 23930.  0.17421E-04
 23935.  0.17142E-04
 23940.  0.16939E-04
 23945.  0.16947E-04
 23950.  0.17133E-04
 23955.  0.17534E-04
 23960.  0.17941E-04
 23965.  0.18289E-04
 23970.  0.18511E-04
 23975.  0.18577E-04
 23980.  0.18539E-04
 23985.  0.18406E-04
 23990.  0.18311E-04
 23995.  0.18349E-04
 24000.  0.18565E-04
 24005.  0.18867E-04
 24010.  0.19010E-04
 24015.  0.18887E-04
 24020.  0.18375E-04
 24025.  0.17801E-04
 24030.  0.17289E-04
 24035.  0.17042E-04
 24040.  0.16909E-04
 24045.  0.16804E-04
 24050.  0.16550E-04
 24055.  0.16359E-04
 24060.  0.16325E-04
 24065.  0.16639E-04
 24070.  0.17083E-04
 24075.  0.17391E-04
 24080.  0.17117E-04
 24085.  0.16977E-04
 24090.  0.16979E-04
 24095.  0.17122E-04
 24100.  0.16988E-04
 24105.  0.16895E-04
 24110.  0.17065E-04
 24115.  0.16697E-04
 24120.  0.15950E-04
 24125.  0.14884E-04
 24130.  0.14181E-04
 24135.  0.13690E-04
 24140.  0.13440E-04
 24145.  0.13815E-04
 24150.  0.14464E-04
 24155.  0.15190E-04
 24160.  0.15308E-04
 24165.  0.14897E-04
 24170.  0.14187E-04
 24175.  0.14055E-04
 24180.  0.14762E-04
 24185.  0.16094E-04
 24190.  0.17482E-04
 24195.  0.17791E-04
 24200.  0.17325E-04
 24205.  0.16738E-04
 24210.  0.16362E-04
 24215.  0.16108E-04
 24220.  0.15854E-04
 24225.  0.15723E-04
 24230.  0.15757E-04
 24235.  0.16060E-04
 24240.  0.16221E-04
 24245.  0.16276E-04
 24250.  0.16278E-04
 24255.  0.16834E-04
 24260.  0.17364E-04
 24265.  0.17478E-04
 24270.  0.17173E-04
 24275.  0.16830E-04
 24280.  0.16632E-04
 24285.  0.16700E-04
 24290.  0.16776E-04
 24295.  0.16781E-04
 24300.  0.16751E-04
 24305.  0.16759E-04
 24310.  0.16804E-04
 24315.  0.16806E-04
 24320.  0.16691E-04
 24325.  0.16342E-04
 24330.  0.15347E-04
 24335.  0.14189E-04
 24340.  0.13351E-04
 24345.  0.13918E-04
 24350.  0.16309E-04
 24355.  0.19210E-04
 24360.  0.20194E-04
 24365.  0.18886E-04
 24370.  0.16888E-04
 24375.  0.15915E-04
 24380.  0.15585E-04
 24385.  0.15566E-04
 24390.  0.15704E-04
 24395.  0.15822E-04
 24400.  0.15928E-04
 24405.  0.16035E-04
 24410.  0.16222E-04
 24415.  0.16471E-04
 24420.  0.16746E-04
 24425.  0.16680E-04
 24430.  0.16201E-04
 24435.  0.15297E-04
 24440.  0.14477E-04
 24445.  0.14124E-04
 24450.  0.14328E-04
 24455.  0.14877E-04
 24460.  0.15431E-04
 24465.  0.16023E-04
 24470.  0.16968E-04
 24475.  0.17316E-04
 24480.  0.16954E-04
 24485.  0.15693E-04
 24490.  0.14855E-04
 24495.  0.14900E-04
 24500.  0.16808E-04
 24505.  0.18592E-04
 24510.  0.19712E-04
 24515.  0.19244E-04
 24520.  0.17864E-04
 24525.  0.16468E-04
 24530.  0.15905E-04
 24535.  0.16298E-04
 24540.  0.16985E-04
 24545.  0.17553E-04
 24550.  0.17489E-04
 24555.  0.17242E-04
 24560.  0.17039E-04
 24565.  0.17114E-04
 24570.  0.17271E-04
 24575.  0.17432E-04
 24580.  0.17491E-04
 24585.  0.17561E-04
 24590.  0.17611E-04
 24595.  0.17300E-04
 24600.  0.16680E-04
 24605.  0.15911E-04
 24610.  0.15505E-04
 24615.  0.15842E-04
 24620.  0.16682E-04
 24625.  0.17456E-04
 24630.  0.17804E-04
 24635.  0.17804E-04
 24640.  0.17509E-04
 24645.  0.17274E-04
 24650.  0.17074E-04
 24655.  0.16848E-04
 24660.  0.16619E-04
 24665.  0.16540E-04
 24670.  0.16839E-04
 24675.  0.17517E-04
 24680.  0.17945E-04
 24685.  0.17550E-04
 24690.  0.16828E-04
 24695.  0.15854E-04
 24700.  0.14681E-04
 24705.  0.14112E-04
 24710.  0.15909E-04
 24715.  0.18691E-04
 24720.  0.20097E-04
 24725.  0.19864E-04
 24730.  0.18111E-04
 24735.  0.17317E-04
 24740.  0.16174E-04
 24745.  0.15901E-04
 24750.  0.15874E-04
 24755.  0.15719E-04
 24760.  0.15409E-04
 24765.  0.14985E-04
 24770.  0.14444E-04
 24775.  0.13750E-04
 24780.  0.12754E-04
 24785.  0.12063E-04
 24790.  0.11948E-04
 24795.  0.13011E-04
 24800.  0.14794E-04
 24805.  0.16360E-04
 24810.  0.16457E-04
 24815.  0.14981E-04
 24820.  0.13366E-04
 24825.  0.12890E-04
 24830.  0.15388E-04
 24835.  0.17796E-04
 24840.  0.17995E-04
 24845.  0.16243E-04
 24850.  0.14444E-04
 24855.  0.13446E-04
 24860.  0.13152E-04
 24865.  0.13913E-04
 24870.  0.15720E-04
 24875.  0.17272E-04
 24880.  0.17774E-04
 24885.  0.17157E-04
 24890.  0.16046E-04
 24895.  0.15294E-04
 24900.  0.13320E-04
