#  wave flux
#  2MASSW_J1515008%2B484742.txt - L6.0
1.00000e-01 0.00000e+00
3.54300e+03 1.79988e-06
4.77000e+03 6.16080e-06
6.23100e+03 2.25588e-05
6.32218e+03 1.07295e-05
6.32435e+03 1.21387e-04
6.32653e+03 1.87984e-04
6.32871e+03 7.31761e-05
6.33741e+03 1.85315e-05
6.33959e+03 8.18435e-05
6.35482e+03 2.94200e-05
6.35700e+03 9.82185e-05
6.35917e+03 3.78435e-05
6.36135e+03 9.49284e-05
6.36353e+03 1.66554e-04
6.36570e+03 8.49102e-05
6.36788e+03 6.99092e-08
6.37006e+03 1.72990e-05
6.39182e+03 1.66413e-05
6.39617e+03 1.20262e-05
6.39835e+03 8.15162e-05
6.40705e+03 1.22744e-05
6.40923e+03 1.85060e-05
6.41141e+03 2.14194e-05
6.41358e+03 1.15602e-04
6.41576e+03 2.89484e-05
6.42011e+03 5.50627e-07
6.42229e+03 6.48006e-05
6.42447e+03 9.61474e-06
6.42664e+03 1.51414e-05
6.42882e+03 1.50230e-05
6.45711e+03 1.45716e-05
6.45929e+03 6.82557e-06
6.47452e+03 1.65986e-04
6.47670e+03 2.06720e-04
6.48323e+03 9.21825e-05
6.48540e+03 2.03186e-05
6.48976e+03 4.68124e-05
6.50281e+03 4.85318e-05
6.50499e+03 9.29061e-05
6.50717e+03 6.86137e-05
6.50934e+03 7.00927e-05
6.51152e+03 6.16997e-05
6.51370e+03 4.00939e-05
6.52458e+03 1.20102e-04
6.52675e+03 1.55840e-04
6.52893e+03 7.48015e-05
6.53111e+03 1.95523e-05
6.53328e+03 4.73450e-05
6.53546e+03 3.28244e-05
6.53764e+03 1.71546e-05
6.53981e+03 5.34678e-05
6.54199e+03 3.54651e-05
6.55069e+03 7.26593e-05
6.55287e+03 1.49619e-04
6.55505e+03 1.25969e-05
6.55940e+03 5.19562e-05
6.56158e+03 8.72514e-05
6.57028e+03 4.58947e-05
6.57246e+03 1.02023e-04
6.57463e+03 3.63692e-05
6.58334e+03 2.96173e-05
6.58552e+03 5.71686e-05
6.59204e+03 2.19275e-05
6.59422e+03 3.12140e-05
6.59640e+03 6.77062e-05
6.59857e+03 1.42524e-04
6.60075e+03 5.64729e-05
6.60946e+03 7.63305e-05
6.61163e+03 8.13458e-05
6.61816e+03 9.99615e-06
6.62251e+03 5.47023e-05
6.62469e+03 1.40107e-04
6.62687e+03 6.64128e-05
6.62904e+03 5.82372e-05
6.63122e+03 1.85862e-04
6.63340e+03 1.76674e-04
6.63557e+03 3.91343e-05
6.63775e+03 9.48232e-05
6.63992e+03 9.54830e-05
6.64210e+03 5.37865e-05
6.64428e+03 2.15031e-05
6.64863e+03 1.08626e-05
6.65081e+03 2.84647e-05
6.65298e+03 5.38770e-05
6.65516e+03 7.60559e-05
6.65734e+03 2.87630e-05
6.65951e+03 3.11344e-05
6.66169e+03 1.89533e-05
6.66604e+03 3.86153e-05
6.66822e+03 1.32833e-05
6.67039e+03 6.90970e-05
6.67257e+03 8.10277e-05
6.67692e+03 4.20600e-05
6.67910e+03 1.09738e-04
6.68128e+03 9.09265e-05
6.68345e+03 1.16470e-04
6.68563e+03 8.90328e-05
6.68781e+03 6.30541e-05
6.69433e+03 6.48981e-05
6.69651e+03 1.01365e-04
6.69869e+03 8.75273e-06
6.70522e+03 1.40779e-05
6.70739e+03 7.93908e-05
6.70957e+03 1.29628e-04
6.71174e+03 8.97778e-05
6.71392e+03 8.11368e-05
6.71610e+03 6.41934e-05
6.71827e+03 4.69653e-05
6.72045e+03 8.66118e-05
6.72263e+03 1.56019e-04
6.72480e+03 1.79196e-05
6.72916e+03 4.36782e-06
6.73133e+03 3.89412e-05
6.73351e+03 4.45844e-05
6.73568e+03 2.57261e-06
6.73786e+03 4.38047e-05
6.74004e+03 1.88439e-04
6.74221e+03 9.98554e-05
6.74439e+03 7.86688e-07
6.74657e+03 6.95405e-05
6.74874e+03 1.61014e-04
6.75092e+03 1.69516e-05
6.75745e+03 8.04861e-05
6.76180e+03 1.30580e-05
6.76398e+03 7.99558e-05
6.76615e+03 8.51268e-05
6.76833e+03 7.18410e-05
6.77051e+03 8.19440e-05
6.77268e+03 1.11117e-04
6.77486e+03 1.27292e-04
6.77704e+03 1.07877e-04
6.77921e+03 6.45738e-05
6.78139e+03 1.61920e-05
6.78356e+03 9.11920e-06
6.78574e+03 4.98459e-05
6.78792e+03 6.07730e-05
6.79009e+03 7.49003e-06
6.79445e+03 1.03414e-06
6.79662e+03 2.77150e-05
6.79880e+03 3.21096e-05
6.80315e+03 2.00119e-05
6.80533e+03 1.66386e-04
6.80750e+03 1.43423e-04
6.80968e+03 1.38663e-04
6.81186e+03 1.83604e-04
6.81403e+03 9.09292e-05
6.81621e+03 7.11864e-05
6.81839e+03 3.54672e-05
6.82056e+03 3.89500e-05
6.82274e+03 1.28668e-04
6.82927e+03 3.01274e-05
6.83144e+03 6.28129e-05
6.83362e+03 3.40311e-05
6.83580e+03 8.14877e-05
6.83797e+03 8.45034e-05
6.84233e+03 3.82159e-05
6.84450e+03 6.38023e-05
6.84668e+03 3.93758e-05
6.84886e+03 4.11702e-05
6.85103e+03 8.54329e-05
6.85321e+03 1.06604e-04
6.85538e+03 6.20685e-05
6.85974e+03 1.28177e-05
6.86191e+03 5.12768e-05
6.86409e+03 1.23006e-04
6.86627e+03 1.85153e-04
6.86844e+03 1.52963e-04
6.87062e+03 8.40887e-05
6.87280e+03 8.26059e-05
6.87497e+03 1.07610e-04
6.87715e+03 5.80190e-05
6.87932e+03 1.27250e-05
6.88150e+03 2.57925e-05
6.88368e+03 1.12173e-04
6.88585e+03 1.81630e-04
6.88803e+03 1.24112e-04
6.89021e+03 4.95447e-05
6.89238e+03 5.11307e-05
6.89456e+03 7.19176e-05
6.89891e+03 2.81950e-05
6.90109e+03 1.28924e-04
6.90326e+03 8.02514e-05
6.90979e+03 2.96605e-05
6.91197e+03 3.62875e-05
6.91415e+03 9.66220e-05
6.91632e+03 9.16619e-05
6.91850e+03 5.06332e-05
6.92068e+03 1.82443e-06
6.93373e+03 7.06459e-05
6.93591e+03 6.84615e-05
6.93809e+03 2.39770e-05
6.94026e+03 1.69109e-05
6.94244e+03 5.49344e-05
6.94462e+03 7.11578e-05
6.94679e+03 2.74345e-05
6.95332e+03 6.06285e-05
6.95550e+03 7.12852e-05
6.95985e+03 5.03837e-05
6.96203e+03 2.87088e-05
6.96638e+03 7.58881e-06
6.96856e+03 2.31956e-05
6.97073e+03 6.51390e-06
6.97291e+03 4.19694e-05
6.97508e+03 1.14036e-04
6.97726e+03 7.84666e-05
6.97944e+03 4.43783e-05
6.98161e+03 6.77800e-05
6.98379e+03 8.57666e-05
6.98597e+03 8.72294e-05
6.98814e+03 9.30016e-05
6.99032e+03 8.21229e-05
6.99250e+03 5.43985e-05
6.99467e+03 1.10137e-04
6.99685e+03 6.91632e-05
6.99902e+03 1.43595e-05
7.00120e+03 1.04318e-04
7.00338e+03 8.85241e-05
7.00555e+03 6.92953e-05
7.00773e+03 7.73132e-05
7.00991e+03 5.78180e-05
7.01208e+03 8.94595e-05
7.01426e+03 9.99437e-05
7.01644e+03 6.16139e-05
7.01861e+03 9.67064e-06
7.02514e+03 7.71844e-05
7.02732e+03 1.34478e-04
7.02949e+03 8.32114e-05
7.03167e+03 1.01350e-04
7.03385e+03 1.62309e-04
7.03602e+03 1.51083e-04
7.03820e+03 1.79879e-04
7.04038e+03 1.17421e-04
7.04255e+03 1.16964e-05
7.05126e+03 5.04164e-06
7.05343e+03 2.69553e-05
7.05561e+03 5.18563e-05
7.05779e+03 6.64545e-05
7.05996e+03 6.46779e-05
7.06214e+03 5.25306e-05
7.06432e+03 1.82304e-05
7.06649e+03 3.18493e-05
7.06867e+03 6.33555e-05
7.07084e+03 6.31207e-05
7.07302e+03 1.15343e-04
7.07520e+03 8.66814e-05
7.07737e+03 2.57864e-05
7.07955e+03 6.51015e-05
7.08173e+03 9.16879e-05
7.08390e+03 9.70039e-05
7.08608e+03 6.40081e-05
7.09043e+03 1.75026e-05
7.09261e+03 6.32143e-05
7.09478e+03 7.42651e-05
7.09696e+03 6.98532e-05
7.09914e+03 1.13467e-04
7.10131e+03 1.08747e-04
7.10349e+03 7.03318e-05
7.10567e+03 8.27700e-05
7.10784e+03 5.35364e-05
7.11002e+03 2.96377e-05
7.11219e+03 4.35964e-05
7.11437e+03 6.11315e-05
7.11655e+03 6.21216e-05
7.11872e+03 5.26115e-05
7.12090e+03 6.03594e-05
7.12308e+03 9.47221e-05
7.12525e+03 1.01995e-04
7.12743e+03 8.62538e-05
7.12961e+03 7.99297e-05
7.13178e+03 8.81456e-05
7.13396e+03 5.53501e-05
7.13614e+03 4.03766e-05
7.13831e+03 6.85738e-05
7.14049e+03 7.53383e-05
7.14266e+03 3.04121e-05
7.14484e+03 2.66583e-05
7.14702e+03 7.99226e-05
7.14919e+03 8.74263e-05
7.15137e+03 7.13326e-05
7.15355e+03 5.32497e-05
7.15572e+03 5.43259e-05
7.15790e+03 8.10488e-05
7.16008e+03 5.62766e-05
7.16225e+03 8.03649e-05
7.16443e+03 1.50560e-04
7.16660e+03 7.83022e-05
7.16878e+03 2.28407e-05
7.17096e+03 7.71549e-05
7.17313e+03 1.68043e-04
7.17531e+03 1.58820e-04
7.17749e+03 1.32386e-04
7.17966e+03 1.02903e-04
7.18184e+03 7.42437e-05
7.18401e+03 1.23421e-04
7.18619e+03 1.74630e-04
7.18837e+03 1.69426e-04
7.19054e+03 1.16171e-04
7.19272e+03 6.30159e-05
7.19490e+03 4.91590e-05
7.19707e+03 4.94746e-05
7.19925e+03 5.14616e-05
7.20143e+03 1.23693e-04
7.20360e+03 1.21678e-04
7.20578e+03 6.66059e-05
7.20796e+03 8.56093e-05
7.21013e+03 1.08820e-04
7.21231e+03 6.76652e-05
7.21448e+03 2.49064e-05
7.21666e+03 5.39380e-05
7.21884e+03 4.91420e-06
7.22101e+03 1.41279e-06
7.22319e+03 7.90377e-05
7.22537e+03 1.11805e-04
7.22754e+03 1.28191e-04
7.22972e+03 7.62473e-05
7.23189e+03 2.01277e-05
7.23407e+03 8.98138e-05
7.23625e+03 6.92619e-05
7.24278e+03 3.46222e-05
7.24495e+03 1.25827e-04
7.24713e+03 1.86009e-04
7.24931e+03 1.57547e-04
7.25148e+03 9.29354e-05
7.25366e+03 8.78347e-05
7.25583e+03 4.06733e-05
7.26019e+03 1.67034e-04
7.26236e+03 1.72313e-04
7.26454e+03 2.82826e-05
7.26672e+03 4.79138e-05
7.26889e+03 4.62644e-05
7.27107e+03 7.54410e-05
7.27325e+03 8.49528e-05
7.27542e+03 3.60719e-06
7.27760e+03 2.41324e-05
7.27977e+03 3.70574e-05
7.28195e+03 1.97145e-05
7.28413e+03 6.45184e-05
7.28630e+03 3.66220e-05
7.28848e+03 3.98764e-05
7.29066e+03 1.06449e-04
7.29283e+03 1.02771e-04
7.29501e+03 5.46207e-05
7.29719e+03 4.73884e-05
7.29936e+03 8.61525e-05
7.30154e+03 7.52665e-05
7.30371e+03 2.70622e-05
7.30589e+03 2.24457e-05
7.30807e+03 9.47744e-05
7.31024e+03 1.61981e-04
7.31242e+03 1.34918e-04
7.31460e+03 9.68925e-05
7.31677e+03 1.32251e-04
7.31895e+03 1.26590e-04
7.32113e+03 7.70050e-05
7.32330e+03 7.73761e-05
7.32548e+03 1.50635e-04
7.32765e+03 1.06216e-04
7.32983e+03 5.49258e-05
7.33201e+03 4.94693e-05
7.33418e+03 3.49245e-05
7.33636e+03 1.19938e-04
7.33854e+03 1.46765e-04
7.34071e+03 8.42674e-05
7.34289e+03 1.01892e-04
7.34507e+03 7.20586e-05
7.34724e+03 2.34442e-05
7.34942e+03 4.42214e-05
7.35159e+03 1.19943e-04
7.35377e+03 1.22790e-04
7.35595e+03 3.51504e-05
7.36030e+03 1.65984e-05
7.36248e+03 5.97119e-05
7.36465e+03 8.03753e-05
7.36683e+03 1.19236e-04
7.36901e+03 5.09816e-05
7.37336e+03 2.76003e-06
7.37553e+03 1.93121e-05
7.37771e+03 3.95747e-05
7.37989e+03 8.93502e-05
7.38206e+03 1.15988e-04
7.38424e+03 3.77630e-05
7.38859e+03 1.22608e-05
7.39077e+03 7.24560e-05
7.39295e+03 4.53795e-05
7.39512e+03 1.57349e-05
7.39730e+03 1.56510e-05
7.39947e+03 3.11996e-05
7.40165e+03 6.71905e-05
7.40383e+03 5.27357e-05
7.40600e+03 3.20898e-05
7.40818e+03 7.06663e-05
7.41036e+03 6.95358e-05
7.41253e+03 1.20791e-05
7.41471e+03 7.90227e-06
7.41689e+03 1.29361e-04
7.41906e+03 1.52556e-04
7.42124e+03 7.54073e-05
7.42341e+03 1.43409e-05
7.42559e+03 2.67178e-05
7.42777e+03 4.19158e-06
7.43212e+03 2.76216e-05
7.43430e+03 7.67280e-06
7.43647e+03 4.66875e-05
7.43865e+03 5.34000e-05
7.44300e+03 2.80686e-05
7.44518e+03 4.91120e-05
7.44953e+03 2.00571e-05
7.45606e+03 4.00260e-05
7.45824e+03 1.86137e-05
7.46041e+03 7.38030e-05
7.46259e+03 1.29314e-04
7.46477e+03 8.19466e-05
7.46694e+03 1.29259e-05
7.46912e+03 1.42119e-05
7.47129e+03 7.38981e-05
7.47347e+03 1.02825e-04
7.47565e+03 4.05544e-05
7.47782e+03 2.09076e-05
7.48000e+03 2.37125e-05
7.50394e+03 5.92089e-05
7.50612e+03 6.71432e-05
7.50829e+03 4.93384e-05
7.51047e+03 1.04038e-05
7.51917e+03 8.70726e-06
7.52135e+03 9.07834e-06
7.52353e+03 4.49069e-05
7.52570e+03 5.71815e-05
7.52788e+03 2.05663e-05
7.53223e+03 3.34026e-05
7.53441e+03 3.53801e-05
7.54311e+03 1.91491e-05
7.55182e+03 2.15623e-05
7.56053e+03 1.50902e-05
7.56270e+03 1.01388e-05
7.57358e+03 1.25787e-05
7.57576e+03 8.89709e-05
7.57794e+03 1.26207e-04
7.58011e+03 1.58331e-05
7.58447e+03 2.25605e-06
7.58664e+03 3.00933e-05
7.59317e+03 2.76695e-05
7.60623e+03 8.43809e-06
7.61493e+03 1.77770e-05
7.61711e+03 8.26797e-06
7.62799e+03 1.40753e-06
7.68458e+03 2.89027e-05
7.69328e+03 5.10699e-06
7.69981e+03 3.56522e-06
7.70199e+03 4.12454e-05
7.70416e+03 6.07621e-06
7.71069e+03 8.86175e-07
7.72375e+03 2.77030e-05
7.72593e+03 1.89224e-06
7.73899e+03 3.86222e-05
7.74769e+03 7.11901e-05
7.74987e+03 3.74688e-05
7.75204e+03 1.71143e-05
7.75422e+03 8.70870e-05
7.75640e+03 6.62717e-05
7.76293e+03 5.53032e-05
7.76510e+03 4.82831e-05
7.77163e+03 1.36606e-05
7.77381e+03 1.60420e-05
7.78034e+03 2.25617e-05
7.78251e+03 3.47483e-05
7.78469e+03 1.74098e-05
7.78687e+03 4.79683e-06
7.78904e+03 5.27182e-05
7.79122e+03 5.94802e-05
7.79340e+03 9.15612e-06
7.79557e+03 2.52673e-07
7.79775e+03 2.58376e-05
7.79992e+03 1.60590e-05
7.80428e+03 3.10575e-05
7.80645e+03 8.59591e-05
7.80863e+03 7.67521e-05
7.81081e+03 2.94312e-05
7.81298e+03 2.12396e-05
7.81516e+03 6.52054e-06
7.81951e+03 5.36629e-05
7.82169e+03 9.08845e-05
7.82386e+03 7.53607e-05
7.82604e+03 6.40763e-05
7.82822e+03 1.11668e-04
7.83039e+03 2.83416e-05
7.83475e+03 9.79919e-05
7.83692e+03 1.21305e-04
7.83910e+03 2.54268e-05
7.84345e+03 3.58901e-05
7.84563e+03 5.09789e-06
7.84781e+03 1.66048e-05
7.84998e+03 1.87002e-04
7.85216e+03 1.74079e-04
7.85433e+03 8.31746e-05
7.85651e+03 7.21476e-05
7.85869e+03 1.23615e-04
7.86086e+03 1.07201e-04
7.86304e+03 1.80509e-05
7.86739e+03 1.87087e-04
7.86957e+03 1.88510e-04
7.87174e+03 2.26680e-05
7.87827e+03 1.93456e-05
7.88045e+03 1.21951e-04
7.88263e+03 1.87506e-04
7.88480e+03 2.05114e-04
7.88698e+03 1.27631e-04
7.89351e+03 3.16986e-05
7.89568e+03 1.82144e-04
7.89786e+03 1.62874e-04
7.90004e+03 1.36489e-04
7.90221e+03 9.81711e-05
7.90439e+03 5.39794e-05
7.90657e+03 1.45035e-04
7.90874e+03 2.10099e-04
7.91092e+03 1.95464e-04
7.91310e+03 1.66883e-04
7.91527e+03 1.09036e-04
7.91745e+03 7.70671e-05
7.91962e+03 1.24185e-04
7.92180e+03 2.11557e-04
7.92398e+03 1.03240e-04
7.92615e+03 6.45003e-06
7.92833e+03 1.32318e-04
7.93051e+03 1.49925e-04
7.93268e+03 8.19624e-05
7.93486e+03 4.61985e-05
7.93704e+03 7.37017e-05
7.93921e+03 6.91951e-05
7.94139e+03 5.56082e-05
7.94356e+03 7.85562e-05
7.94574e+03 1.01800e-04
7.94792e+03 1.00419e-04
7.95009e+03 1.24864e-04
7.95227e+03 2.00157e-04
7.95445e+03 1.67909e-04
7.95662e+03 1.03676e-04
7.95880e+03 1.19077e-04
7.96098e+03 1.92235e-04
7.96315e+03 1.94798e-04
7.96533e+03 1.48533e-04
7.96750e+03 1.43958e-04
7.96968e+03 1.58451e-04
7.97186e+03 1.97052e-04
7.97403e+03 1.86892e-04
7.97621e+03 6.95385e-05
7.97839e+03 1.31678e-04
7.98056e+03 2.05528e-04
7.98274e+03 1.33786e-04
7.98492e+03 2.11289e-04
7.98709e+03 2.41962e-04
7.98927e+03 1.89239e-04
7.99144e+03 2.02806e-04
7.99362e+03 1.65589e-04
7.99580e+03 1.95389e-04
7.99797e+03 3.11411e-04
8.00015e+03 2.83756e-04
8.00233e+03 2.42914e-04
8.00450e+03 2.74049e-04
8.00668e+03 3.13335e-04
8.00886e+03 2.34753e-04
8.01103e+03 1.83544e-04
8.01321e+03 2.54917e-04
8.01538e+03 3.28650e-04
8.01756e+03 2.67719e-04
8.01974e+03 1.91627e-04
8.02191e+03 2.33826e-04
8.02409e+03 2.38784e-04
8.02627e+03 2.43925e-04
8.02844e+03 2.74316e-04
8.03062e+03 2.76085e-04
8.03280e+03 2.40465e-04
8.03497e+03 2.33143e-04
8.03715e+03 2.88817e-04
8.03932e+03 3.31907e-04
8.04150e+03 3.17151e-04
8.04368e+03 2.55341e-04
8.04585e+03 2.08041e-04
8.04803e+03 2.52106e-04
8.05021e+03 3.06915e-04
8.05238e+03 3.13250e-04
8.05456e+03 3.40772e-04
8.05674e+03 3.48989e-04
8.05891e+03 3.04584e-04
8.06109e+03 2.35694e-04
8.09214e+03 3.29344e-04
8.12065e+03 3.69794e-04
8.14936e+03 3.75689e-04
8.17827e+03 3.84167e-04
8.20738e+03 4.37397e-04
8.23668e+03 4.98066e-04
8.26618e+03 5.33976e-04
8.29587e+03 5.70299e-04
8.32577e+03 6.03121e-04
8.35586e+03 6.27174e-04
8.38614e+03 6.72705e-04
8.41663e+03 7.01379e-04
8.44731e+03 7.16801e-04
8.47818e+03 7.16104e-04
8.50926e+03 6.73084e-04
8.54053e+03 7.44044e-04
8.57199e+03 8.09581e-04
8.60365e+03 7.40175e-04
8.63550e+03 6.12203e-04
8.66755e+03 6.41284e-04
8.69979e+03 6.41032e-04
8.73222e+03 6.59773e-04
8.76484e+03 7.21626e-04
8.79766e+03 7.66276e-04
8.83066e+03 8.37953e-04
8.86385e+03 8.52591e-04
8.89723e+03 8.95760e-04
8.93079e+03 8.67414e-04
8.96455e+03 9.57256e-04
8.99848e+03 9.81802e-04
9.03260e+03 1.08552e-03
9.06690e+03 1.13005e-03
9.10138e+03 1.14296e-03
9.13604e+03 1.20677e-03
9.17088e+03 1.28589e-03
9.20589e+03 1.31550e-03
9.24108e+03 1.37415e-03
9.27645e+03 1.29760e-03
9.31198e+03 1.27936e-03
9.34769e+03 1.23021e-03
9.38357e+03 1.37598e-03
9.41961e+03 1.48011e-03
9.45582e+03 1.44598e-03
9.49219e+03 1.49058e-03
9.52873e+03 1.54789e-03
9.56543e+03 1.62568e-03
9.60229e+03 1.62577e-03
9.63930e+03 1.73577e-03
9.67647e+03 1.82537e-03
9.71380e+03 1.96000e-03
9.75128e+03 2.01464e-03
9.86460e+03 1.78606e-03
9.90267e+03 1.72323e-03
9.94088e+03 1.61556e-03
9.97923e+03 1.58790e-03
1.00177e+04 1.57235e-03
1.00563e+04 1.65949e-03
1.00951e+04 1.72487e-03
1.01340e+04 1.78206e-03
1.01730e+04 1.76891e-03
1.02122e+04 1.84991e-03
1.02515e+04 1.91748e-03
1.02909e+04 1.98462e-03
1.03304e+04 1.96644e-03
1.03701e+04 2.11842e-03
1.04098e+04 2.18180e-03
1.04497e+04 2.18527e-03
1.04897e+04 2.27715e-03
1.05298e+04 2.30481e-03
1.05701e+04 2.36764e-03
1.06104e+04 2.33573e-03
1.06508e+04 2.41762e-03
1.06914e+04 2.45814e-03
1.07320e+04 2.51142e-03
1.07728e+04 2.60090e-03
1.08136e+04 2.66188e-03
1.08546e+04 2.61288e-03
1.08956e+04 2.67826e-03
1.09367e+04 2.65348e-03
1.09779e+04 2.63024e-03
1.10192e+04 2.63113e-03
1.10606e+04 2.62413e-03
1.11021e+04 2.53926e-03
1.11437e+04 2.50808e-03
1.11853e+04 2.52200e-03
1.12270e+04 2.56504e-03
1.12688e+04 2.48556e-03
1.13106e+04 2.50786e-03
1.13526e+04 2.49235e-03
1.13946e+04 2.54819e-03
1.14366e+04 2.60161e-03
1.14788e+04 2.67564e-03
1.15209e+04 2.69892e-03
1.15632e+04 2.67862e-03
1.16055e+04 2.65398e-03
1.16479e+04 2.55222e-03
1.16903e+04 2.52746e-03
1.17328e+04 2.56334e-03
1.17753e+04 2.58722e-03
1.18179e+04 2.68775e-03
1.18605e+04 2.75776e-03
1.19031e+04 2.79570e-03
1.19459e+04 2.79825e-03
1.19886e+04 2.82273e-03
1.20314e+04 2.80044e-03
1.20742e+04 2.92847e-03
1.21171e+04 2.99031e-03
1.21600e+04 3.10199e-03
1.22029e+04 3.08327e-03
1.22458e+04 3.14818e-03
1.22888e+04 3.14945e-03
1.23318e+04 3.12388e-03
1.23748e+04 3.07769e-03
1.24179e+04 3.03554e-03
1.24610e+04 3.05667e-03
1.25040e+04 3.17551e-03
1.25471e+04 3.26437e-03
1.25903e+04 3.30133e-03
1.26334e+04 3.49829e-03
1.26766e+04 3.52682e-03
1.27197e+04 3.60703e-03
1.27629e+04 3.47130e-03
1.28060e+04 3.53733e-03
1.28492e+04 3.52584e-03
1.28924e+04 3.55424e-03
1.29356e+04 3.53436e-03
1.29788e+04 3.51784e-03
1.30219e+04 3.48532e-03
1.30651e+04 3.47971e-03
1.31083e+04 3.42089e-03
1.31515e+04 3.42762e-03
1.31946e+04 3.33546e-03
1.32378e+04 3.11542e-03
1.32809e+04 2.78830e-03
1.33240e+04 2.37946e-03
1.33671e+04 2.10976e-03
1.34102e+04 1.83193e-03
1.34533e+04 1.65308e-03
1.34964e+04 1.55204e-03
1.35394e+04 1.48470e-03
1.35825e+04 1.46833e-03
1.36255e+04 1.43440e-03
1.36685e+04 1.54625e-03
1.37114e+04 1.68508e-03
1.37544e+04 1.76246e-03
1.37973e+04 1.71090e-03
1.38401e+04 1.71864e-03
1.38830e+04 1.77161e-03
1.39258e+04 1.71919e-03
1.39686e+04 1.63414e-03
1.40114e+04 1.55048e-03
1.40541e+04 1.56338e-03
1.40968e+04 1.50108e-03
1.41394e+04 1.44761e-03
1.41821e+04 1.44933e-03
1.42246e+04 1.43892e-03
1.42672e+04 1.41549e-03
1.43097e+04 1.44415e-03
1.43522e+04 1.43333e-03
1.43946e+04 1.50990e-03
1.44370e+04 1.56336e-03
1.44793e+04 1.65243e-03
1.45216e+04 1.72660e-03
1.45638e+04 1.71839e-03
1.46060e+04 1.76671e-03
1.46482e+04 1.73597e-03
1.46903e+04 1.78654e-03
1.47324e+04 1.84057e-03
1.47744e+04 1.89439e-03
1.48163e+04 1.87486e-03
1.48583e+04 1.92443e-03
1.49001e+04 2.01067e-03
1.49419e+04 2.03555e-03
1.49837e+04 2.02735e-03
1.50254e+04 2.10463e-03
1.50670e+04 2.20398e-03
1.51086e+04 2.19177e-03
1.51502e+04 2.27906e-03
1.51917e+04 2.39314e-03
1.52331e+04 2.42168e-03
1.52745e+04 2.45821e-03
1.53158e+04 2.50427e-03
1.53570e+04 2.55697e-03
1.53982e+04 2.63235e-03
1.54394e+04 2.66156e-03
1.54804e+04 2.74203e-03
1.55215e+04 2.76496e-03
1.55624e+04 2.84137e-03
1.56033e+04 2.87147e-03
1.56442e+04 2.84842e-03
1.56849e+04 2.88373e-03
1.57257e+04 2.90504e-03
1.57663e+04 2.89836e-03
1.58069e+04 2.98546e-03
1.58474e+04 2.90640e-03
1.58879e+04 2.89763e-03
1.59283e+04 2.94765e-03
1.59686e+04 2.97643e-03
1.60089e+04 2.97825e-03
1.60491e+04 2.98183e-03
1.60893e+04 2.99611e-03
1.61294e+04 2.96181e-03
1.61694e+04 2.96070e-03
1.62093e+04 2.97912e-03
1.62492e+04 2.97428e-03
1.62891e+04 2.91691e-03
1.63288e+04 2.97569e-03
1.63685e+04 2.93189e-03
1.64081e+04 2.94966e-03
1.64477e+04 3.00738e-03
1.64872e+04 3.05190e-03
1.65266e+04 3.07007e-03
1.65660e+04 3.05949e-03
1.66053e+04 3.04853e-03
1.66445e+04 3.02281e-03
1.66837e+04 2.95459e-03
1.67228e+04 2.96776e-03
1.67619e+04 3.00812e-03
1.68008e+04 2.95349e-03
1.68397e+04 2.99455e-03
1.68786e+04 3.01614e-03
1.69174e+04 2.94762e-03
1.69561e+04 2.93538e-03
1.69947e+04 2.89827e-03
1.70333e+04 2.92102e-03
1.70718e+04 2.79865e-03
1.71103e+04 2.76713e-03
1.71487e+04 2.74562e-03
1.71870e+04 2.62672e-03
1.72252e+04 2.63251e-03
1.72634e+04 2.55904e-03
1.73016e+04 2.51165e-03
1.73396e+04 2.44214e-03
1.73776e+04 2.36152e-03
1.74156e+04 2.32878e-03
1.74534e+04 2.25549e-03
1.74912e+04 2.19059e-03
1.75290e+04 2.11748e-03
1.75667e+04 2.06542e-03
1.76043e+04 2.00333e-03
1.76418e+04 1.93933e-03
1.76793e+04 1.82575e-03
1.77167e+04 1.80668e-03
1.77541e+04 1.71966e-03
1.77914e+04 1.66050e-03
1.78287e+04 1.66223e-03
1.78658e+04 1.65122e-03
1.79030e+04 1.58078e-03
1.79400e+04 1.57102e-03
1.79770e+04 1.49196e-03
1.80140e+04 1.50228e-03
1.80508e+04 1.50220e-03
1.80876e+04 1.54329e-03
1.81244e+04 1.52248e-03
1.81611e+04 1.52650e-03
1.81977e+04 1.58371e-03
1.82343e+04 1.66641e-03
1.82708e+04 1.64068e-03
1.83073e+04 1.62459e-03
1.83437e+04 1.60003e-03
1.83801e+04 1.50348e-03
1.84163e+04 1.49347e-03
1.84526e+04 1.50075e-03
1.84887e+04 1.45960e-03
1.85249e+04 1.35990e-03
1.85609e+04 1.33316e-03
1.85969e+04 1.38853e-03
1.86329e+04 1.39131e-03
1.86688e+04 1.23428e-03
1.87046e+04 1.25619e-03
1.87404e+04 1.29675e-03
1.87761e+04 1.40025e-03
1.88118e+04 1.53332e-03
1.88474e+04 1.54226e-03
1.88830e+04 1.53002e-03
1.89185e+04 1.61041e-03
1.89539e+04 1.60732e-03
1.89893e+04 1.51961e-03
1.90247e+04 1.59389e-03
1.90600e+04 1.67860e-03
1.90952e+04 1.63828e-03
1.91304e+04 1.70863e-03
1.91656e+04 1.66065e-03
1.92007e+04 1.72047e-03
1.92357e+04 1.68543e-03
1.92707e+04 1.54541e-03
1.93056e+04 1.47119e-03
1.93405e+04 1.40216e-03
1.93753e+04 1.37537e-03
1.94101e+04 1.35423e-03
1.94449e+04 1.37159e-03
1.94795e+04 1.35869e-03
1.95142e+04 1.36390e-03
1.95488e+04 1.30555e-03
1.95833e+04 1.31267e-03
1.96178e+04 1.34615e-03
1.96522e+04 1.34995e-03
1.96866e+04 1.35756e-03
1.97210e+04 1.35302e-03
1.97553e+04 1.32373e-03
1.97895e+04 1.35736e-03
1.98237e+04 1.31178e-03
1.98579e+04 1.33655e-03
1.98920e+04 1.39860e-03
1.99260e+04 1.40316e-03
1.99600e+04 1.43003e-03
1.99940e+04 1.47190e-03
2.00279e+04 1.40856e-03
2.00618e+04 1.47595e-03
2.00956e+04 1.49934e-03
2.01294e+04 1.49028e-03
2.01631e+04 1.47380e-03
2.01968e+04 1.56689e-03
2.02305e+04 1.57777e-03
2.02641e+04 1.58395e-03
2.02976e+04 1.56646e-03
2.03311e+04 1.59877e-03
2.03646e+04 1.60216e-03
2.03980e+04 1.60157e-03
2.04313e+04 1.69091e-03
2.04647e+04 1.65853e-03
2.04979e+04 1.71334e-03
2.05312e+04 1.69763e-03
2.05644e+04 1.76654e-03
2.05975e+04 1.76702e-03
2.06306e+04 1.74588e-03
2.06636e+04 1.74439e-03
2.06966e+04 1.79790e-03
2.07296e+04 1.78947e-03
2.07625e+04 1.77323e-03
2.07954e+04 1.80533e-03
2.08282e+04 1.79461e-03
2.08610e+04 1.79648e-03
2.08937e+04 1.80411e-03
2.09264e+04 1.81169e-03
2.09590e+04 1.83711e-03
2.09916e+04 1.82282e-03
2.10242e+04 1.81865e-03
2.10567e+04 1.85233e-03
2.10892e+04 1.83378e-03
2.11216e+04 1.84678e-03
2.11539e+04 1.84482e-03
2.11863e+04 1.87741e-03
2.12186e+04 1.85781e-03
2.12508e+04 1.87084e-03
2.12830e+04 1.84475e-03
2.13151e+04 1.83911e-03
2.13472e+04 1.83222e-03
2.13793e+04 1.84930e-03
2.14113e+04 1.83344e-03
2.14432e+04 1.82890e-03
2.14751e+04 1.83516e-03
2.15070e+04 1.83267e-03
2.15388e+04 1.82455e-03
2.15706e+04 1.77736e-03
2.16023e+04 1.77752e-03
2.16340e+04 1.82003e-03
2.16656e+04 1.79545e-03
2.16972e+04 1.76325e-03
2.17287e+04 1.76304e-03
2.17602e+04 1.72858e-03
2.17916e+04 1.76006e-03
2.18230e+04 1.77176e-03
2.18543e+04 1.78277e-03
2.18856e+04 1.73734e-03
2.19169e+04 1.74657e-03
2.19481e+04 1.76733e-03
2.19792e+04 1.75172e-03
2.20103e+04 1.72426e-03
2.20414e+04 1.71576e-03
2.20723e+04 1.69487e-03
2.21033e+04 1.72576e-03
2.21342e+04 1.68032e-03
2.21650e+04 1.64702e-03
2.21958e+04 1.66153e-03
2.22266e+04 1.68515e-03
2.22573e+04 1.64699e-03
2.22879e+04 1.62452e-03
2.23185e+04 1.65589e-03
2.23491e+04 1.62597e-03
2.23796e+04 1.63610e-03
2.24100e+04 1.63362e-03
2.24404e+04 1.61300e-03
2.24707e+04 1.57853e-03
2.25010e+04 1.59600e-03
2.25313e+04 1.60970e-03
2.25615e+04 1.63102e-03
2.25916e+04 1.59538e-03
2.26217e+04 1.58669e-03
2.26517e+04 1.57889e-03
2.26817e+04 1.56078e-03
2.27116e+04 1.55596e-03
2.27415e+04 1.53897e-03
2.27713e+04 1.55958e-03
2.28011e+04 1.54561e-03
2.28308e+04 1.50810e-03
2.28605e+04 1.52027e-03
2.28901e+04 1.49060e-03
2.29197e+04 1.42790e-03
2.29492e+04 1.35994e-03
2.29786e+04 1.29667e-03
2.30080e+04 1.27696e-03
2.30374e+04 1.25587e-03
2.30667e+04 1.25583e-03
2.30960e+04 1.26692e-03
2.31252e+04 1.26261e-03
2.31543e+04 1.24421e-03
2.31834e+04 1.22918e-03
2.32125e+04 1.22416e-03
2.32415e+04 1.19402e-03
2.32704e+04 1.20269e-03
2.32993e+04 1.20020e-03
2.33282e+04 1.22171e-03
2.33570e+04 1.21323e-03
2.33857e+04 1.23606e-03
2.34144e+04 1.23109e-03
2.34431e+04 1.24361e-03
2.34717e+04 1.23427e-03
2.35002e+04 1.24335e-03
2.35287e+04 1.23626e-03
2.35572e+04 1.20674e-03
2.35856e+04 1.21259e-03
2.36140e+04 1.18126e-03
2.36423e+04 1.21003e-03
2.36706e+04 1.22222e-03
2.36988e+04 1.21124e-03
2.37270e+04 1.20276e-03
2.37552e+04 1.21576e-03
2.37833e+04 1.21746e-03
2.38114e+04 1.15671e-03
2.38394e+04 1.17001e-03
2.38674e+04 1.21559e-03
2.38954e+04 1.17881e-03
2.39233e+04 1.17015e-03
2.39512e+04 1.14854e-03
2.39790e+04 1.20552e-03
2.40068e+04 1.18221e-03
2.40346e+04 1.15906e-03
2.40623e+04 1.16150e-03
2.40901e+04 1.11085e-03
2.41178e+04 1.12120e-03
2.41454e+04 1.10854e-03
2.41730e+04 1.09493e-03
2.42007e+04 1.08992e-03
2.42282e+04 1.11461e-03
2.42558e+04 1.06189e-03
2.42833e+04 1.10018e-03
2.43109e+04 1.07063e-03
2.43384e+04 1.03392e-03
2.43659e+04 1.05113e-03
2.43933e+04 1.01340e-03
2.44208e+04 1.03831e-03
2.44483e+04 9.92921e-04
2.44757e+04 9.83780e-04
2.45032e+04 9.53700e-04
2.45306e+04 9.14482e-04
2.45580e+04 9.40326e-04
2.45855e+04 9.18814e-04
2.46129e+04 9.42946e-04
2.46404e+04 9.56139e-04
2.46678e+04 9.20113e-04
2.46953e+04 8.08541e-04
2.47227e+04 7.94788e-04
2.47502e+04 7.60235e-04
2.47778e+04 8.38030e-04
2.48053e+04 8.19688e-04
2.48328e+04 8.90099e-04
2.48604e+04 7.66082e-04
2.48880e+04 7.86591e-04
2.49157e+04 8.08671e-04
2.49434e+04 7.55531e-04
2.49711e+04 7.71361e-04
2.49989e+04 8.27300e-04
2.50267e+04 7.92324e-04
2.50546e+04 7.23162e-04
2.50825e+04 7.91993e-04
2.51105e+04 8.76856e-04
2.51385e+04 7.40061e-04
2.51666e+04 6.39348e-04
2.51948e+04 8.01438e-04
2.52231e+04 7.75015e-04
2.52514e+04 7.17079e-04
2.52798e+04 6.41387e-04
3.35260e+04 6.23826e-04
3.50751e+04 7.43409e-04
3.75400e+04 7.05138e-04
4.43658e+04 2.94607e-04
4.60280e+04 2.62843e-04
5.21725e+04 1.83351e-04
5.24749e+04 1.97172e-04
5.27773e+04 2.08148e-04
5.30797e+04 1.93198e-04
5.33821e+04 1.94607e-04
5.36846e+04 1.95693e-04
5.39870e+04 1.77289e-04
5.42894e+04 1.62575e-04
5.45918e+04 1.68570e-04
5.48942e+04 1.65322e-04
