#  wave flux
#  SDSSp_J125453.90-012247.4.txt - T2.0
1.00000e-01 0.00000e+00
3.54300e+03 1.88167e-06
4.77000e+03 3.32703e-06
6.23100e+03 2.26479e-06
6.28821e+03 6.48708e-06
6.29008e+03 8.02588e-06
6.29194e+03 8.00349e-06
6.29381e+03 5.34458e-06
6.29567e+03 3.10383e-06
6.29754e+03 8.65451e-06
6.29940e+03 6.21255e-06
6.30127e+03 6.02026e-07
6.31433e+03 3.40434e-06
6.31620e+03 3.36295e-06
6.31806e+03 3.69462e-06
6.31993e+03 4.02732e-06
6.32179e+03 3.81662e-06
6.32739e+03 1.34821e-06
6.32926e+03 3.64363e-08
6.33672e+03 2.48880e-06
6.33858e+03 1.42019e-06
6.34418e+03 6.41641e-07
6.34605e+03 3.70513e-06
6.34978e+03 2.27679e-06
6.35164e+03 1.70587e-06
6.35351e+03 1.98804e-06
6.35538e+03 1.80800e-06
6.35911e+03 2.35243e-07
6.36097e+03 4.12882e-06
6.36284e+03 6.03465e-06
6.36470e+03 4.93721e-06
6.36657e+03 3.44404e-06
6.36844e+03 1.11758e-06
6.37030e+03 2.28425e-06
6.37217e+03 1.57305e-06
6.37403e+03 1.84901e-06
6.37590e+03 1.52185e-06
6.37777e+03 2.79776e-06
6.37963e+03 4.68025e-06
6.38150e+03 5.41185e-06
6.38336e+03 7.77693e-07
6.38523e+03 7.77179e-07
6.38709e+03 3.28926e-06
6.38896e+03 2.00052e-06
6.39083e+03 6.64388e-07
6.39269e+03 6.39453e-08
6.39456e+03 2.23118e-07
6.39642e+03 1.46988e-06
6.39829e+03 2.81345e-06
6.40015e+03 2.18850e-06
6.40202e+03 2.69803e-07
6.40389e+03 1.31409e-06
6.40762e+03 1.05116e-06
6.40948e+03 3.41747e-06
6.41135e+03 2.69780e-06
6.41695e+03 4.22363e-06
6.41881e+03 3.70268e-06
6.42068e+03 1.11692e-06
6.42627e+03 4.24570e-06
6.42814e+03 1.55095e-06
6.43187e+03 7.66029e-07
6.43374e+03 3.80885e-06
6.43560e+03 6.31178e-06
6.43747e+03 5.00872e-06
6.43933e+03 5.14177e-06
6.44120e+03 3.70916e-06
6.44493e+03 2.12114e-06
6.44680e+03 2.35469e-06
6.45240e+03 3.15852e-06
6.45426e+03 1.69541e-06
6.45613e+03 1.30542e-06
6.45799e+03 3.42473e-06
6.45986e+03 1.82175e-06
6.46172e+03 7.97924e-07
6.46546e+03 2.93768e-07
6.46919e+03 2.19747e-06
6.47105e+03 3.02812e-06
6.47292e+03 4.57828e-06
6.47478e+03 3.55436e-06
6.47665e+03 8.71861e-07
6.47852e+03 8.82780e-07
6.48038e+03 4.07196e-06
6.48225e+03 1.91813e-06
6.48411e+03 2.65880e-06
6.48598e+03 2.07380e-06
6.48971e+03 1.08088e-06
6.49158e+03 3.41249e-06
6.49344e+03 2.41342e-06
6.49531e+03 2.11338e-06
6.49717e+03 2.55768e-06
6.49904e+03 8.17253e-07
6.50277e+03 4.77705e-07
6.50650e+03 2.74508e-06
6.51210e+03 4.49969e-07
6.51396e+03 2.80117e-06
6.51583e+03 2.30515e-06
6.51956e+03 1.54136e-06
6.52143e+03 2.16690e-06
6.52516e+03 1.93528e-07
6.52703e+03 2.76771e-06
6.52889e+03 1.65155e-06
6.53076e+03 5.11920e-06
6.53262e+03 3.11955e-06
6.53449e+03 4.01448e-06
6.53635e+03 2.90871e-06
6.53822e+03 1.05272e-06
6.54195e+03 3.19725e-07
6.54382e+03 5.06387e-06
6.54568e+03 4.69611e-06
6.54755e+03 1.36523e-06
6.54941e+03 2.60283e-06
6.55128e+03 9.18462e-07
6.55501e+03 2.22632e-06
6.55688e+03 2.91501e-06
6.55874e+03 4.05875e-06
6.56061e+03 9.67505e-06
6.56247e+03 1.14420e-05
6.56434e+03 7.92111e-06
6.56621e+03 8.21253e-06
6.56807e+03 2.77110e-06
6.57180e+03 4.36768e-06
6.57367e+03 4.46485e-06
6.57553e+03 1.36556e-06
6.57927e+03 1.99557e-06
6.58113e+03 7.11022e-07
6.58300e+03 2.91435e-06
6.58486e+03 1.80164e-06
6.58673e+03 4.99646e-07
6.59046e+03 1.68048e-06
6.59233e+03 1.53927e-06
6.59419e+03 4.53914e-06
6.59606e+03 1.88511e-06
6.59979e+03 2.72052e-06
6.60165e+03 3.42410e-06
6.60352e+03 3.34553e-06
6.60539e+03 4.25014e-06
6.60725e+03 4.99662e-06
6.60912e+03 4.92779e-06
6.61098e+03 2.52104e-06
6.61285e+03 2.03996e-06
6.61471e+03 3.56631e-06
6.61658e+03 1.99052e-06
6.61845e+03 3.48952e-06
6.62031e+03 3.85946e-06
6.62218e+03 3.78557e-06
6.62404e+03 3.53066e-06
6.62591e+03 4.29071e-06
6.62778e+03 3.25513e-06
6.62964e+03 3.90992e-06
6.63151e+03 3.11102e-06
6.63337e+03 4.24779e-06
6.63710e+03 6.34525e-07
6.63897e+03 4.06882e-06
6.64084e+03 1.95155e-06
6.64270e+03 4.11300e-07
6.64830e+03 4.16569e-06
6.65016e+03 3.56553e-06
6.65203e+03 9.14803e-07
6.65390e+03 1.41448e-06
6.65576e+03 4.39280e-06
6.65763e+03 4.42537e-06
6.65949e+03 5.38672e-06
6.66136e+03 3.85932e-06
6.66322e+03 2.97848e-06
6.66509e+03 6.30885e-06
6.66696e+03 4.03746e-06
6.66882e+03 1.13639e-06
6.67069e+03 3.30011e-06
6.67255e+03 3.86903e-06
6.67442e+03 5.11545e-06
6.67628e+03 4.11803e-06
6.67815e+03 4.24863e-06
6.68002e+03 1.42007e-06
6.68375e+03 7.29650e-07
6.68561e+03 9.78059e-07
6.68748e+03 4.23108e-06
6.68934e+03 5.53413e-06
6.69121e+03 3.92079e-06
6.69308e+03 3.09256e-06
6.69494e+03 4.46712e-06
6.69681e+03 3.61440e-06
6.69867e+03 1.96301e-06
6.70054e+03 6.29511e-06
6.70241e+03 4.46102e-06
6.70427e+03 3.23269e-07
6.70614e+03 3.11397e-07
6.70800e+03 2.00692e-06
6.70987e+03 1.40439e-06
6.71173e+03 5.61375e-06
6.71360e+03 4.90204e-06
6.71547e+03 3.31036e-06
6.71733e+03 5.07143e-06
6.71920e+03 4.55075e-06
6.72106e+03 6.38732e-06
6.72293e+03 3.74221e-06
6.72479e+03 4.53380e-06
6.72666e+03 5.90338e-06
6.72853e+03 3.77990e-06
6.73039e+03 4.27838e-06
6.73226e+03 3.52619e-06
6.73412e+03 5.85286e-06
6.73599e+03 7.60584e-06
6.73785e+03 6.23094e-06
6.73972e+03 5.69559e-06
6.74159e+03 5.34171e-06
6.74345e+03 3.35550e-06
6.74532e+03 4.76726e-06
6.74718e+03 5.05434e-06
6.74905e+03 2.64678e-06
6.75091e+03 3.64263e-06
6.75278e+03 7.05068e-06
6.75465e+03 8.05716e-06
6.75651e+03 3.89594e-06
6.75838e+03 3.94274e-06
6.76024e+03 6.19124e-06
6.76211e+03 7.22349e-06
6.76397e+03 6.52967e-06
6.76584e+03 5.15869e-06
6.76771e+03 2.39116e-06
6.76957e+03 2.58211e-06
6.77144e+03 3.87045e-06
6.77330e+03 6.59174e-06
6.77517e+03 5.97804e-06
6.77703e+03 5.16215e-06
6.77890e+03 3.58471e-06
6.78077e+03 5.48140e-06
6.78263e+03 8.56400e-06
6.78450e+03 7.32809e-06
6.78636e+03 5.87339e-06
6.78823e+03 5.00834e-06
6.79009e+03 5.55233e-06
6.79196e+03 3.72319e-06
6.79383e+03 3.84365e-06
6.79569e+03 3.73126e-06
6.79756e+03 2.10206e-06
6.79942e+03 3.30615e-06
6.80129e+03 6.22794e-06
6.80316e+03 4.39407e-06
6.80502e+03 4.57223e-06
6.80689e+03 7.46114e-06
6.80875e+03 5.65225e-06
6.81062e+03 3.72744e-06
6.81248e+03 5.99882e-06
6.81435e+03 7.79071e-06
6.81622e+03 1.15834e-05
6.81808e+03 1.22282e-05
6.81995e+03 9.12765e-06
6.82181e+03 8.72821e-06
6.82368e+03 3.86172e-06
6.82554e+03 5.79536e-06
6.82741e+03 9.51629e-06
6.82928e+03 8.74566e-06
6.83114e+03 9.87049e-06
6.83301e+03 1.04353e-05
6.83487e+03 1.08928e-05
6.83674e+03 4.53975e-06
6.83860e+03 6.71286e-06
6.84047e+03 5.75807e-06
6.84234e+03 5.29859e-06
6.84420e+03 7.84396e-06
6.84607e+03 1.18489e-05
6.84793e+03 8.37466e-06
6.84980e+03 8.35244e-06
6.85166e+03 5.10138e-06
6.85353e+03 8.28342e-06
6.85540e+03 5.19821e-06
6.85726e+03 3.74545e-06
6.85913e+03 7.81111e-06
6.86099e+03 9.35393e-06
6.86286e+03 4.55762e-06
6.86472e+03 8.07446e-06
6.86659e+03 8.18362e-06
6.86846e+03 5.44409e-06
6.87032e+03 7.77185e-06
6.87219e+03 6.97584e-06
6.87405e+03 6.55085e-06
6.87592e+03 4.67652e-06
6.87779e+03 4.98656e-06
6.87965e+03 5.43802e-06
6.88152e+03 6.17045e-06
6.88338e+03 7.60876e-06
6.88525e+03 3.71517e-06
6.88711e+03 4.80882e-06
6.88898e+03 8.08586e-06
6.89085e+03 7.59330e-06
6.89271e+03 8.07370e-06
6.89458e+03 9.76675e-06
6.89644e+03 6.60812e-06
6.89831e+03 6.42276e-06
6.90017e+03 8.44511e-06
6.90204e+03 8.78359e-06
6.90391e+03 7.52162e-06
6.90577e+03 8.23570e-06
6.90764e+03 6.65858e-06
6.90950e+03 4.40195e-06
6.91137e+03 5.99797e-06
6.91323e+03 5.44553e-06
6.91510e+03 2.06249e-06
6.91697e+03 1.47717e-06
6.91883e+03 4.03183e-06
6.92070e+03 7.91206e-06
6.92256e+03 8.39016e-06
6.92443e+03 6.72839e-06
6.92629e+03 9.48245e-06
6.92816e+03 1.05729e-05
6.93003e+03 8.40584e-06
6.93189e+03 6.76113e-06
6.93376e+03 5.32631e-06
6.93562e+03 4.75420e-06
6.93749e+03 3.77609e-06
6.93935e+03 1.67051e-06
6.94122e+03 3.70914e-06
6.94309e+03 5.14315e-06
6.94495e+03 4.21605e-06
6.94682e+03 6.47400e-06
6.94868e+03 7.64444e-06
6.95055e+03 7.97962e-06
6.95242e+03 6.48305e-06
6.95428e+03 4.81292e-06
6.95615e+03 4.85137e-06
6.95801e+03 4.67983e-06
6.95988e+03 3.66648e-06
6.96174e+03 4.97323e-06
6.96361e+03 4.49753e-06
6.96548e+03 5.42412e-06
6.96734e+03 7.67958e-06
6.96921e+03 1.06238e-05
6.97107e+03 6.83196e-06
6.97294e+03 2.97230e-06
6.97480e+03 5.85239e-06
6.97667e+03 4.97010e-06
6.97854e+03 6.33129e-06
6.98040e+03 6.83984e-06
6.98227e+03 6.47993e-06
6.98413e+03 7.41859e-06
6.98600e+03 6.25294e-06
6.98786e+03 3.88701e-06
6.98973e+03 5.64571e-06
6.99160e+03 5.99159e-06
6.99346e+03 6.28164e-06
6.99533e+03 7.19994e-06
6.99719e+03 5.78499e-06
6.99906e+03 6.00744e-06
7.00092e+03 7.17814e-06
7.00279e+03 6.10932e-06
7.00466e+03 6.71374e-06
7.00652e+03 7.69144e-06
7.00839e+03 5.76940e-06
7.01025e+03 4.47484e-06
7.01212e+03 5.75061e-06
7.01398e+03 9.30022e-06
7.01585e+03 8.80863e-06
7.01772e+03 9.51269e-06
7.01958e+03 7.03729e-06
7.02145e+03 6.62429e-06
7.02331e+03 5.26401e-06
7.02518e+03 4.73220e-06
7.02704e+03 7.64682e-06
7.02891e+03 9.66086e-06
7.03078e+03 7.50330e-06
7.03264e+03 6.27417e-06
7.03451e+03 2.87819e-06
7.03637e+03 7.33099e-06
7.03824e+03 8.74778e-06
7.04010e+03 6.58359e-06
7.04197e+03 7.25731e-06
7.04384e+03 7.26135e-06
7.04570e+03 9.95523e-06
7.04757e+03 1.18083e-05
7.04943e+03 8.60591e-06
7.05130e+03 6.62956e-06
7.05317e+03 4.93888e-06
7.05503e+03 6.30607e-06
7.05690e+03 6.95729e-06
7.05876e+03 6.59856e-06
7.06063e+03 8.21578e-06
7.06249e+03 6.18133e-06
7.06436e+03 7.04871e-06
7.06623e+03 1.03863e-05
7.06809e+03 1.04280e-05
7.06996e+03 8.48912e-06
7.07182e+03 8.32623e-06
7.07369e+03 9.80519e-06
7.07555e+03 7.13477e-06
7.07742e+03 7.76768e-06
7.07929e+03 9.55598e-06
7.08115e+03 6.98667e-06
7.08302e+03 5.93287e-06
7.08488e+03 8.84191e-06
7.08675e+03 8.55786e-06
7.08861e+03 7.82429e-06
7.09048e+03 8.32522e-06
7.09235e+03 6.52718e-06
7.09421e+03 4.92622e-06
7.09608e+03 6.67931e-06
7.09794e+03 7.26866e-06
7.09981e+03 9.35507e-06
7.10167e+03 6.20717e-06
7.10354e+03 4.42899e-06
7.10541e+03 6.71284e-06
7.10727e+03 1.11373e-05
7.10914e+03 1.06244e-05
7.11100e+03 1.00253e-05
7.11287e+03 7.49517e-06
7.11473e+03 7.88210e-06
7.11660e+03 1.13187e-05
7.11847e+03 8.65951e-06
7.12033e+03 9.29070e-06
7.12220e+03 9.33946e-06
7.12406e+03 9.32465e-06
7.12593e+03 9.11286e-06
7.12780e+03 8.98503e-06
7.12966e+03 9.17081e-06
7.13153e+03 8.98698e-06
7.13339e+03 9.97463e-06
7.13526e+03 9.25236e-06
7.13712e+03 8.39443e-06
7.13899e+03 1.11664e-05
7.14086e+03 1.15843e-05
7.14272e+03 1.06811e-05
7.14459e+03 8.67949e-06
7.14645e+03 9.89797e-06
7.14832e+03 7.23021e-06
7.15018e+03 7.83526e-06
7.15205e+03 7.79991e-06
7.15392e+03 9.18316e-06
7.15578e+03 9.78029e-06
7.15765e+03 1.04859e-05
7.15951e+03 1.23177e-05
7.16138e+03 1.11334e-05
7.16324e+03 7.39293e-06
7.16511e+03 8.52791e-06
7.16698e+03 7.14717e-06
7.16884e+03 5.94155e-06
7.17071e+03 7.21789e-06
7.17257e+03 1.15697e-05
7.17444e+03 1.10284e-05
7.17630e+03 7.96752e-06
7.17817e+03 8.74236e-06
7.18004e+03 1.24450e-05
7.18190e+03 1.06161e-05
7.18377e+03 8.13956e-06
7.18563e+03 7.41549e-06
7.18750e+03 8.80473e-06
7.18936e+03 1.26175e-05
7.19123e+03 1.06964e-05
7.19310e+03 8.53793e-06
7.19496e+03 9.75228e-06
7.19683e+03 7.16670e-06
7.19869e+03 5.85976e-06
7.20056e+03 8.54782e-06
7.20243e+03 9.88350e-06
7.20429e+03 8.46094e-06
7.20616e+03 1.05871e-05
7.20802e+03 1.15844e-05
7.20989e+03 7.50058e-06
7.21175e+03 8.63477e-06
7.21362e+03 8.09926e-06
7.21548e+03 6.14517e-06
7.21735e+03 6.28020e-06
7.21922e+03 7.60473e-06
7.22108e+03 1.01348e-05
7.22295e+03 9.93445e-06
7.22481e+03 8.51736e-06
7.22668e+03 9.38337e-06
7.22855e+03 1.15538e-05
7.23041e+03 1.03815e-05
7.23228e+03 8.06629e-06
7.23414e+03 9.27938e-06
7.23601e+03 1.04205e-05
7.23787e+03 9.30996e-06
7.23974e+03 1.09760e-05
7.24161e+03 9.94479e-06
7.24347e+03 8.08250e-06
7.24534e+03 6.33869e-06
7.24720e+03 4.39113e-06
7.24907e+03 9.49571e-06
7.25093e+03 6.33957e-06
7.25280e+03 8.67746e-06
7.25467e+03 1.21519e-05
7.25653e+03 1.23566e-05
7.25840e+03 1.06148e-05
7.26026e+03 8.87179e-06
7.26213e+03 8.44682e-06
7.26399e+03 7.56028e-06
7.26586e+03 8.64560e-06
7.26773e+03 8.92999e-06
7.26959e+03 7.84430e-06
7.27146e+03 8.93310e-06
7.27332e+03 1.32924e-05
7.27519e+03 6.37575e-06
7.27705e+03 5.82615e-06
7.27892e+03 1.30838e-05
7.28079e+03 1.47022e-05
7.28265e+03 1.28021e-05
7.28452e+03 1.09764e-05
7.28638e+03 7.96795e-06
7.28825e+03 5.97458e-06
7.29011e+03 7.46441e-06
7.29198e+03 7.94579e-06
7.29385e+03 9.53931e-06
7.29571e+03 9.73971e-06
7.29758e+03 1.20063e-05
7.29944e+03 1.29836e-05
7.30131e+03 8.30652e-06
7.30318e+03 5.96517e-06
7.30504e+03 9.85743e-06
7.30691e+03 1.24017e-05
7.30877e+03 9.86128e-06
7.31064e+03 7.16763e-06
7.31250e+03 5.84575e-06
7.31437e+03 7.74029e-06
7.31624e+03 1.08454e-05
7.31810e+03 5.79103e-06
7.31997e+03 4.62985e-06
7.32183e+03 6.00646e-06
7.32370e+03 5.40655e-06
7.32556e+03 7.39997e-06
7.32743e+03 7.76175e-06
7.32930e+03 3.88226e-06
7.33116e+03 6.85271e-06
7.33303e+03 3.01496e-06
7.33489e+03 4.22872e-06
7.33676e+03 1.16007e-05
7.33862e+03 1.05856e-05
7.34049e+03 7.35923e-06
7.34236e+03 6.77128e-06
7.34422e+03 6.47188e-06
7.34609e+03 5.98566e-06
7.34795e+03 5.23152e-06
7.34982e+03 5.06324e-06
7.35168e+03 5.64520e-06
7.35355e+03 5.73743e-06
7.35542e+03 6.37473e-06
7.35728e+03 5.08504e-06
7.35915e+03 7.85657e-06
7.36101e+03 6.98846e-06
7.36288e+03 6.48463e-06
7.36474e+03 7.66884e-06
7.36661e+03 6.20945e-06
7.36848e+03 2.81024e-06
7.37034e+03 8.62968e-06
7.37221e+03 7.97786e-06
7.37407e+03 8.56636e-06
7.37594e+03 8.58865e-06
7.37781e+03 6.60892e-06
7.37967e+03 6.11800e-06
7.38154e+03 7.12454e-06
7.38340e+03 6.10519e-06
7.38527e+03 5.34969e-06
7.38713e+03 3.98257e-06
7.38900e+03 3.26353e-06
7.39087e+03 7.94748e-06
7.39273e+03 5.81832e-06
7.39460e+03 3.30398e-06
7.39646e+03 1.82163e-06
7.39833e+03 1.60627e-06
7.40019e+03 5.20121e-06
7.40393e+03 1.47332e-08
7.40579e+03 2.95089e-06
7.40766e+03 5.28607e-06
7.40952e+03 2.90819e-06
7.41139e+03 3.78532e-06
7.41325e+03 4.35367e-06
7.41512e+03 4.62515e-06
7.41699e+03 5.04954e-06
7.41885e+03 3.68217e-06
7.42072e+03 3.50912e-06
7.42258e+03 4.74937e-06
7.42445e+03 5.45444e-06
7.42631e+03 7.94505e-06
7.42818e+03 8.00664e-06
7.43005e+03 4.64191e-06
7.43191e+03 5.17215e-06
7.43378e+03 4.74912e-06
7.43564e+03 7.65011e-06
7.43751e+03 9.06559e-06
7.43937e+03 3.54608e-06
7.44124e+03 2.56090e-06
7.44311e+03 4.03284e-06
7.44497e+03 4.76921e-06
7.44684e+03 3.36255e-06
7.44870e+03 2.09164e-06
7.45057e+03 3.11194e-06
7.45243e+03 3.44872e-06
7.45430e+03 3.32861e-06
7.45617e+03 5.69738e-06
7.45803e+03 3.20343e-06
7.45990e+03 4.76928e-06
7.46176e+03 3.07648e-06
7.46363e+03 3.14171e-07
7.46549e+03 5.39958e-06
7.46736e+03 4.92253e-06
7.46923e+03 3.00761e-06
7.47109e+03 6.03637e-06
7.47296e+03 3.57456e-06
7.47482e+03 8.00394e-06
7.47669e+03 3.53143e-06
7.47856e+03 1.21393e-06
7.48229e+03 2.63065e-06
7.48415e+03 5.00484e-06
7.48602e+03 4.44593e-06
7.48788e+03 1.32473e-06
7.48975e+03 3.85266e-06
7.49162e+03 4.06783e-06
7.49348e+03 5.81576e-06
7.49535e+03 5.31459e-06
7.49721e+03 3.14928e-06
7.49908e+03 2.22130e-06
7.50094e+03 3.09574e-06
7.50281e+03 2.49545e-06
7.50468e+03 1.45228e-06
7.50654e+03 2.17958e-07
7.50841e+03 1.93906e-06
7.51027e+03 3.52283e-06
7.51214e+03 4.03888e-06
7.51400e+03 2.78639e-06
7.51587e+03 1.76461e-07
7.51774e+03 2.27004e-06
7.51960e+03 1.10128e-06
7.52147e+03 4.72834e-06
7.52333e+03 3.42246e-06
7.52706e+03 5.06515e-07
7.52893e+03 4.11686e-06
7.53080e+03 5.42838e-06
7.53266e+03 5.97506e-06
7.53453e+03 1.43801e-06
7.53639e+03 3.00004e-06
7.53826e+03 4.28675e-06
7.54012e+03 4.43956e-07
7.54199e+03 4.80687e-06
7.54386e+03 3.79028e-06
7.54572e+03 4.53006e-06
7.54759e+03 2.81294e-06
7.54945e+03 2.27006e-06
7.55132e+03 5.06381e-06
7.55319e+03 2.93934e-06
7.55692e+03 5.58467e-06
7.55878e+03 5.62418e-06
7.56065e+03 1.58543e-06
7.56251e+03 7.83007e-07
7.56438e+03 2.31499e-06
7.56625e+03 2.19449e-06
7.56811e+03 2.86674e-06
7.56998e+03 4.91526e-06
7.57184e+03 1.76613e-06
7.57371e+03 4.40576e-07
7.57744e+03 1.41516e-06
7.57931e+03 1.26067e-07
7.58490e+03 2.72576e-07
7.58677e+03 4.03599e-06
7.58863e+03 2.83672e-06
7.59050e+03 3.72010e-07
7.59423e+03 1.33942e-06
7.59610e+03 2.25370e-06
7.59983e+03 4.17507e-07
7.60169e+03 3.71231e-07
7.60729e+03 5.67277e-06
7.60916e+03 1.53805e-06
7.61102e+03 1.94519e-06
7.61289e+03 9.34400e-07
7.61662e+03 2.99385e-06
7.61849e+03 2.78234e-06
7.62035e+03 2.91832e-06
7.62222e+03 2.55133e-06
7.62782e+03 1.18629e-06
7.62968e+03 4.03618e-06
7.63155e+03 5.09493e-06
7.63341e+03 5.77238e-06
7.63528e+03 2.04694e-06
7.63714e+03 1.63504e-06
7.63901e+03 3.41076e-06
7.64087e+03 2.49374e-06
7.64274e+03 4.63089e-08
7.64461e+03 1.43803e-07
7.64647e+03 1.84020e-06
7.64834e+03 3.12638e-06
7.65020e+03 1.15724e-06
7.65207e+03 2.80571e-06
7.65394e+03 3.42664e-06
7.65580e+03 2.03563e-06
7.65767e+03 1.34998e-06
7.66140e+03 2.44914e-06
7.66326e+03 3.39310e-06
7.66513e+03 3.32247e-06
7.66700e+03 2.42092e-08
7.67073e+03 4.58526e-07
7.67259e+03 1.08998e-06
7.67446e+03 2.51744e-06
7.67632e+03 1.79632e-06
7.67819e+03 3.86019e-06
7.68006e+03 3.70696e-06
7.68192e+03 5.26317e-06
7.68379e+03 4.15006e-06
7.68565e+03 1.35437e-06
7.68752e+03 1.80317e-06
7.68938e+03 1.42448e-06
7.69125e+03 3.08101e-07
7.69312e+03 6.49964e-07
7.69498e+03 2.58222e-06
7.69685e+03 1.99468e-06
7.69871e+03 2.61147e-06
7.70058e+03 2.26152e-06
7.70244e+03 3.48489e-06
7.70431e+03 3.48098e-06
7.70618e+03 6.51312e-06
7.70804e+03 5.01418e-06
7.70991e+03 3.60722e-06
7.71177e+03 6.53945e-06
7.71364e+03 4.62489e-06
7.71550e+03 1.23364e-06
7.71737e+03 2.49432e-06
7.72110e+03 2.33780e-06
7.72297e+03 2.11842e-06
7.72670e+03 6.70465e-07
7.72857e+03 1.20274e-06
7.73043e+03 1.06964e-07
7.73230e+03 1.54663e-06
7.73976e+03 8.02448e-07
7.74163e+03 4.37149e-06
7.74349e+03 7.52040e-07
7.74536e+03 7.19979e-07
7.74722e+03 2.22183e-06
7.74909e+03 3.10357e-06
7.75095e+03 3.92454e-06
7.75282e+03 6.95175e-06
7.75655e+03 5.78995e-06
7.75842e+03 4.42715e-06
7.76028e+03 2.66151e-06
7.76588e+03 2.52651e-06
7.76775e+03 1.20141e-06
7.76961e+03 4.57102e-06
7.77148e+03 5.38050e-06
7.77334e+03 1.73205e-06
7.77521e+03 1.49394e-07
7.77894e+03 1.14643e-06
7.78081e+03 2.22124e-06
7.78267e+03 2.50148e-06
7.78640e+03 1.92413e-06
7.78827e+03 2.34110e-06
7.79013e+03 3.05392e-06
7.79200e+03 7.59212e-06
7.79387e+03 1.20230e-05
7.79573e+03 1.14322e-06
7.79760e+03 7.46134e-08
7.79946e+03 3.04609e-06
7.80133e+03 2.79369e-06
7.80320e+03 4.98265e-06
7.80506e+03 5.52504e-06
7.80879e+03 1.43775e-06
7.81066e+03 6.81564e-06
7.81252e+03 3.38708e-06
7.81439e+03 4.64675e-06
7.81626e+03 3.97686e-06
7.81812e+03 8.23092e-06
7.81999e+03 9.61711e-06
7.82185e+03 1.07877e-05
7.82372e+03 9.48873e-06
7.82558e+03 1.05306e-05
7.82745e+03 7.62748e-06
7.82932e+03 5.24732e-06
7.83118e+03 8.82676e-06
7.83305e+03 3.09816e-06
7.83491e+03 4.45320e-06
7.83678e+03 7.02599e-06
7.83864e+03 7.46655e-06
7.84051e+03 6.47650e-06
7.84238e+03 6.18633e-06
7.84424e+03 7.93456e-06
7.84611e+03 5.60645e-06
7.84797e+03 3.54329e-06
7.84984e+03 9.22689e-06
7.85170e+03 1.20723e-05
7.85357e+03 1.14679e-05
7.85544e+03 1.03672e-05
7.85730e+03 1.91710e-06
7.85917e+03 5.69291e-06
7.86103e+03 1.07732e-05
7.86290e+03 1.06573e-05
7.86476e+03 9.60954e-06
7.86663e+03 1.14768e-05
7.86850e+03 9.45052e-06
7.87036e+03 5.92080e-06
7.87223e+03 6.50811e-06
7.87409e+03 5.93513e-06
7.87596e+03 1.02162e-05
7.87782e+03 9.07346e-06
7.87969e+03 7.74959e-06
7.88156e+03 1.20532e-05
7.88342e+03 1.21545e-05
7.88529e+03 1.14648e-05
7.88715e+03 1.55710e-05
7.88902e+03 1.52365e-05
7.89088e+03 1.23734e-05
7.89275e+03 1.61340e-05
7.89462e+03 1.52706e-05
7.89648e+03 1.11381e-05
7.89835e+03 1.06183e-05
7.90021e+03 1.12708e-05
7.90208e+03 1.01605e-05
7.90395e+03 9.25255e-06
7.90581e+03 7.83608e-06
7.90768e+03 1.26712e-05
7.90954e+03 1.28218e-05
7.91141e+03 1.43497e-05
7.91327e+03 1.86434e-05
7.91514e+03 1.51879e-05
7.91701e+03 1.53624e-05
7.91887e+03 1.55419e-05
7.92074e+03 8.22631e-06
7.92260e+03 8.15246e-06
7.92447e+03 1.25056e-05
7.92633e+03 7.65443e-06
7.92820e+03 1.54463e-05
7.93007e+03 2.13662e-05
7.93193e+03 1.26819e-05
7.93380e+03 9.15151e-06
7.93566e+03 1.22162e-05
7.93753e+03 1.29392e-05
7.93939e+03 1.22512e-05
7.94126e+03 1.28964e-05
7.94313e+03 1.16546e-05
7.94499e+03 7.93105e-06
7.94686e+03 2.42660e-07
7.94872e+03 8.33763e-06
7.95059e+03 1.46068e-05
7.95245e+03 1.34520e-05
7.95432e+03 1.51088e-05
7.95619e+03 1.41143e-05
7.95805e+03 1.41098e-05
7.95992e+03 1.63732e-05
7.96178e+03 1.61057e-05
7.96365e+03 1.40400e-05
7.96551e+03 1.43965e-05
7.96738e+03 1.67203e-05
7.96925e+03 2.08266e-05
7.97111e+03 1.84373e-05
7.97298e+03 1.73569e-05
7.97484e+03 1.83564e-05
7.97671e+03 1.80844e-05
7.97858e+03 2.00223e-05
7.98044e+03 1.89670e-05
7.98231e+03 1.35532e-05
7.98417e+03 1.55021e-05
7.98604e+03 1.93499e-05
7.98790e+03 2.06056e-05
7.98977e+03 2.36149e-05
7.99164e+03 2.29910e-05
7.99350e+03 1.80373e-05
7.99537e+03 2.02012e-05
7.99723e+03 2.25621e-05
7.99910e+03 2.27538e-05
8.00096e+03 2.41948e-05
8.00283e+03 2.26770e-05
8.00470e+03 2.09047e-05
8.00656e+03 2.58467e-05
8.00843e+03 2.51979e-05
8.01029e+03 2.15964e-05
8.01216e+03 2.31845e-05
8.01402e+03 2.78035e-05
8.01589e+03 2.06051e-05
8.01776e+03 1.99253e-05
8.01962e+03 2.22458e-05
8.02149e+03 2.28674e-05
8.02335e+03 2.80661e-05
8.02522e+03 2.82998e-05
8.02708e+03 2.49108e-05
8.02895e+03 2.14122e-05
8.03082e+03 2.41505e-05
8.03268e+03 2.40209e-05
8.03455e+03 2.22576e-05
8.03641e+03 2.60820e-05
8.03828e+03 2.72338e-05
8.04014e+03 2.55972e-05
8.04201e+03 2.53464e-05
8.04388e+03 2.57301e-05
8.04574e+03 2.77011e-05
8.04761e+03 2.95260e-05
8.04947e+03 2.93893e-05
8.05134e+03 2.81311e-05
8.05321e+03 2.90478e-05
8.05507e+03 2.57293e-05
8.05694e+03 2.48920e-05
8.05880e+03 2.41347e-05
8.06067e+03 2.59954e-05
8.06253e+03 2.61398e-05
8.06440e+03 2.71764e-05
8.06626e+03 2.98587e-05
8.06813e+03 3.05205e-05
8.07000e+03 3.21170e-05
8.07186e+03 2.98703e-05
8.07373e+03 3.09977e-05
8.07559e+03 3.08494e-05
8.07746e+03 3.20127e-05
8.07932e+03 3.29002e-05
8.08119e+03 3.01039e-05
8.08306e+03 3.14117e-05
8.08492e+03 3.11149e-05
8.08679e+03 3.23408e-05
8.08865e+03 3.45198e-05
8.09052e+03 3.16141e-05
8.09239e+03 3.26908e-05
8.09425e+03 3.31491e-05
8.09612e+03 3.11159e-05
8.09798e+03 3.29228e-05
8.09985e+03 3.36295e-05
8.10171e+03 3.68251e-05
8.10358e+03 3.49185e-05
8.10545e+03 3.01999e-05
8.10731e+03 3.40126e-05
8.10918e+03 3.54461e-05
8.11104e+03 3.55309e-05
8.11291e+03 3.70258e-05
8.11477e+03 3.75582e-05
8.11664e+03 4.21399e-05
8.11851e+03 4.49619e-05
8.12037e+03 4.22498e-05
8.12224e+03 4.04589e-05
8.12410e+03 3.95122e-05
8.12597e+03 3.75295e-05
8.12783e+03 3.92100e-05
8.12970e+03 4.20322e-05
8.13157e+03 3.95709e-05
8.13343e+03 3.69061e-05
8.13530e+03 3.83623e-05
8.13716e+03 4.34347e-05
8.13903e+03 4.44100e-05
8.14089e+03 3.94917e-05
8.14276e+03 3.85075e-05
8.14463e+03 4.01708e-05
8.14649e+03 4.13922e-05
8.14836e+03 4.51981e-05
8.15022e+03 4.57358e-05
8.15209e+03 4.22013e-05
8.15396e+03 4.21794e-05
8.15582e+03 4.64822e-05
8.15769e+03 4.37201e-05
8.15955e+03 4.01227e-05
8.16142e+03 4.22612e-05
8.16328e+03 4.36393e-05
8.16515e+03 4.26418e-05
8.16702e+03 4.37118e-05
8.16888e+03 4.53635e-05
8.17075e+03 5.00041e-05
8.17261e+03 4.94011e-05
8.17448e+03 4.90940e-05
8.17634e+03 4.82971e-05
8.17821e+03 4.58094e-05
8.18008e+03 4.52580e-05
8.18194e+03 4.61411e-05
8.18381e+03 5.23126e-05
8.18567e+03 5.33606e-05
8.18754e+03 4.82220e-05
8.18940e+03 4.74903e-05
8.19127e+03 5.06159e-05
8.19314e+03 5.42725e-05
8.19500e+03 5.44393e-05
8.19687e+03 5.41088e-05
8.19873e+03 5.55416e-05
8.20060e+03 5.58006e-05
8.20246e+03 5.21830e-05
8.20433e+03 5.48165e-05
8.20620e+03 5.54464e-05
8.20806e+03 5.83012e-05
8.20993e+03 5.68277e-05
8.21179e+03 5.36209e-05
8.21366e+03 5.71567e-05
8.21552e+03 5.65421e-05
8.21739e+03 5.66581e-05
8.21926e+03 5.86664e-05
8.22112e+03 5.71628e-05
8.22299e+03 5.79198e-05
8.22485e+03 5.95099e-05
8.22672e+03 6.19680e-05
8.22859e+03 6.16486e-05
8.23045e+03 5.97861e-05
8.23232e+03 5.90644e-05
8.23418e+03 5.84775e-05
8.23605e+03 6.07542e-05
8.23791e+03 5.88715e-05
8.23978e+03 6.11532e-05
8.24165e+03 6.22059e-05
8.24351e+03 6.43533e-05
8.24538e+03 6.35072e-05
8.24724e+03 6.11434e-05
8.24911e+03 6.16783e-05
8.25097e+03 6.24431e-05
8.25284e+03 6.11571e-05
8.25471e+03 6.09432e-05
8.25657e+03 6.40964e-05
8.25844e+03 6.49809e-05
8.26030e+03 6.56811e-05
8.26217e+03 6.58160e-05
8.26403e+03 6.34632e-05
8.26590e+03 6.69262e-05
8.26777e+03 7.07849e-05
8.26963e+03 7.05720e-05
8.27150e+03 7.17802e-05
8.27336e+03 7.05653e-05
8.27523e+03 6.71025e-05
8.27709e+03 7.30168e-05
8.27896e+03 7.94992e-05
8.28083e+03 7.14525e-05
8.28269e+03 6.94391e-05
8.28456e+03 7.19824e-05
8.28642e+03 6.80926e-05
8.28829e+03 6.80123e-05
8.29015e+03 6.62396e-05
8.29202e+03 6.55125e-05
8.29389e+03 7.33911e-05
8.29575e+03 6.73428e-05
8.29762e+03 7.28846e-05
8.29948e+03 7.82795e-05
8.30135e+03 7.45422e-05
8.30321e+03 7.46804e-05
8.30508e+03 7.91990e-05
8.30695e+03 7.63205e-05
8.30881e+03 7.62663e-05
8.31068e+03 8.00480e-05
8.31254e+03 8.03261e-05
8.31441e+03 7.84463e-05
8.31627e+03 7.67726e-05
8.31814e+03 7.25783e-05
8.32001e+03 7.32711e-05
8.32187e+03 7.75754e-05
8.32374e+03 7.77322e-05
8.32560e+03 7.71371e-05
8.32747e+03 8.10276e-05
8.32933e+03 8.25264e-05
8.33120e+03 8.43483e-05
8.33307e+03 8.24243e-05
8.33493e+03 7.94759e-05
8.33680e+03 7.96424e-05
8.33866e+03 7.84361e-05
8.34053e+03 8.69348e-05
8.34240e+03 8.34155e-05
8.34426e+03 8.40708e-05
8.34613e+03 9.31973e-05
8.34799e+03 9.57997e-05
8.34986e+03 9.18790e-05
8.35172e+03 9.14080e-05
8.35359e+03 9.13319e-05
8.35546e+03 8.80070e-05
8.35732e+03 8.62795e-05
8.35919e+03 8.65788e-05
8.36105e+03 9.04220e-05
8.36292e+03 9.09389e-05
8.36478e+03 9.17005e-05
8.36665e+03 9.67740e-05
8.36852e+03 9.60528e-05
8.37038e+03 9.28239e-05
8.37225e+03 9.20821e-05
8.37411e+03 9.62917e-05
8.37598e+03 1.01404e-04
8.37784e+03 1.00316e-04
8.37971e+03 9.62745e-05
8.38158e+03 9.45074e-05
8.38344e+03 9.54019e-05
8.38531e+03 1.02560e-04
8.38717e+03 1.02870e-04
8.38904e+03 9.78372e-05
8.39090e+03 9.83806e-05
8.39277e+03 9.68611e-05
8.39464e+03 9.91458e-05
8.39650e+03 1.05255e-04
8.39837e+03 1.06768e-04
8.40023e+03 1.03048e-04
8.40210e+03 1.00009e-04
8.40397e+03 1.04174e-04
8.40583e+03 1.07960e-04
8.40770e+03 1.09885e-04
8.40956e+03 1.11341e-04
8.41143e+03 1.12764e-04
8.41329e+03 1.11646e-04
8.41516e+03 1.12626e-04
8.41703e+03 1.14738e-04
8.41889e+03 1.08666e-04
8.42076e+03 1.05847e-04
8.42262e+03 1.11088e-04
8.42449e+03 1.06960e-04
8.42635e+03 1.16174e-04
8.42822e+03 1.22893e-04
8.43009e+03 1.21909e-04
8.43195e+03 1.22307e-04
8.43382e+03 1.14597e-04
8.43568e+03 1.19746e-04
8.43755e+03 1.21999e-04
8.43941e+03 1.18858e-04
8.44128e+03 1.19631e-04
8.44315e+03 1.17473e-04
8.44501e+03 1.23315e-04
8.44688e+03 1.25385e-04
8.44874e+03 1.21269e-04
8.45061e+03 1.19096e-04
8.45247e+03 1.17702e-04
8.45434e+03 1.20403e-04
8.45621e+03 1.22269e-04
8.45807e+03 1.26296e-04
8.45994e+03 1.29359e-04
8.46180e+03 1.28662e-04
8.46367e+03 1.26202e-04
8.46553e+03 1.35795e-04
8.46740e+03 1.36007e-04
8.46927e+03 1.31924e-04
8.47113e+03 1.32135e-04
8.47300e+03 1.32486e-04
8.47486e+03 1.35937e-04
8.47673e+03 1.34772e-04
8.47860e+03 1.30981e-04
8.48046e+03 1.30467e-04
8.48233e+03 1.35255e-04
8.48419e+03 1.35327e-04
8.48606e+03 1.36444e-04
8.48792e+03 1.37520e-04
8.48979e+03 1.43414e-04
8.49165e+03 1.39988e-04
8.49352e+03 1.32699e-04
8.49539e+03 1.38037e-04
8.49725e+03 1.41112e-04
8.49912e+03 1.40160e-04
8.50098e+03 1.39343e-04
8.50285e+03 1.41375e-04
8.50471e+03 1.48339e-04
8.50658e+03 1.47731e-04
8.50845e+03 1.39350e-04
8.51031e+03 1.33254e-04
8.51218e+03 1.28382e-04
8.51404e+03 1.12992e-04
8.51591e+03 8.87703e-05
8.51778e+03 6.24091e-05
8.51964e+03 4.78849e-05
8.52151e+03 5.47526e-05
8.52337e+03 7.98176e-05
8.52524e+03 1.03911e-04
8.52710e+03 1.24596e-04
8.52897e+03 1.36921e-04
8.53084e+03 1.42093e-04
8.53270e+03 1.52160e-04
8.53457e+03 1.55293e-04
8.53643e+03 1.52566e-04
8.53830e+03 1.52297e-04
8.54016e+03 1.52027e-04
8.54203e+03 1.56854e-04
8.54390e+03 1.64286e-04
8.54576e+03 1.60380e-04
8.54763e+03 1.59821e-04
8.54949e+03 1.57698e-04
8.55136e+03 1.60216e-04
8.55322e+03 1.62917e-04
8.55509e+03 1.63916e-04
8.55696e+03 1.65585e-04
8.55882e+03 1.64815e-04
8.56069e+03 1.68069e-04
8.56255e+03 1.71646e-04
8.56442e+03 1.72255e-04
8.56628e+03 1.70499e-04
8.56815e+03 1.70033e-04
8.57002e+03 1.69960e-04
8.57188e+03 1.68983e-04
8.57375e+03 1.73137e-04
8.57561e+03 1.78043e-04
8.57748e+03 1.74057e-04
8.57934e+03 1.69505e-04
8.58121e+03 1.74269e-04
8.58308e+03 1.80988e-04
8.58494e+03 1.83656e-04
8.58681e+03 1.84292e-04
8.58867e+03 1.81179e-04
8.59054e+03 1.77174e-04
8.59241e+03 1.79910e-04
8.59427e+03 1.82895e-04
8.59614e+03 1.80992e-04
8.59800e+03 1.85454e-04
8.59987e+03 1.89085e-04
8.60173e+03 1.83326e-04
8.60360e+03 1.79822e-04
8.60547e+03 1.80101e-04
8.60733e+03 1.77564e-04
8.60920e+03 1.68616e-04
8.61106e+03 1.56574e-04
8.61293e+03 1.52408e-04
8.61479e+03 1.52820e-04
8.61666e+03 1.51754e-04
8.61853e+03 1.58492e-04
8.62039e+03 1.56888e-04
8.62226e+03 1.52627e-04
8.62412e+03 1.60470e-04
8.62599e+03 1.65563e-04
8.62785e+03 1.62972e-04
8.62972e+03 1.57562e-04
8.63159e+03 1.61180e-04
8.63345e+03 1.65315e-04
8.63532e+03 1.64489e-04
8.63718e+03 1.67490e-04
8.63905e+03 1.68546e-04
8.64465e+03 1.61079e-04
8.64651e+03 1.62766e-04
8.64838e+03 1.64066e-04
8.65024e+03 1.64917e-04
8.65211e+03 1.65407e-04
8.65398e+03 1.66519e-04
8.65584e+03 1.68577e-04
8.65771e+03 1.70238e-04
8.65957e+03 1.69239e-04
8.66144e+03 1.70126e-04
8.66330e+03 1.70312e-04
8.66517e+03 1.73187e-04
8.66704e+03 1.74844e-04
8.66890e+03 1.74952e-04
8.67077e+03 1.76485e-04
8.67263e+03 1.76007e-04
8.67450e+03 1.77721e-04
8.67636e+03 1.78100e-04
8.67823e+03 1.74359e-04
8.68010e+03 1.73083e-04
8.68196e+03 1.74117e-04
8.68383e+03 1.72922e-04
8.68569e+03 1.75158e-04
8.68756e+03 1.75010e-04
8.68942e+03 1.75006e-04
8.69129e+03 1.72928e-04
8.69316e+03 1.70053e-04
8.69502e+03 1.68314e-04
8.69689e+03 1.68034e-04
8.69875e+03 1.69395e-04
8.70062e+03 1.69549e-04
8.70248e+03 1.68119e-04
8.70435e+03 1.66478e-04
8.70622e+03 1.66460e-04
8.70808e+03 1.68057e-04
8.70995e+03 1.70199e-04
8.71181e+03 1.71885e-04
8.71368e+03 1.73541e-04
8.71554e+03 1.74753e-04
8.71741e+03 1.74554e-04
8.71928e+03 1.75667e-04
8.72114e+03 1.78553e-04
8.72301e+03 1.80836e-04
8.72487e+03 1.82349e-04
8.72674e+03 1.85473e-04
8.72860e+03 1.87694e-04
8.73047e+03 1.87628e-04
8.73234e+03 1.87844e-04
8.73420e+03 1.89062e-04
8.73607e+03 1.88883e-04
8.73793e+03 1.91798e-04
8.73980e+03 1.95018e-04
8.74166e+03 1.99465e-04
8.74353e+03 2.01369e-04
8.74540e+03 2.02381e-04
8.74726e+03 2.04288e-04
8.74913e+03 2.06911e-04
8.75099e+03 2.07993e-04
8.75286e+03 2.10566e-04
8.75472e+03 2.15005e-04
8.75659e+03 2.18273e-04
8.75846e+03 2.18243e-04
8.76032e+03 2.22563e-04
8.76219e+03 2.23869e-04
8.76405e+03 2.27101e-04
8.76592e+03 2.25793e-04
8.76779e+03 2.26270e-04
8.76965e+03 2.34431e-04
8.77152e+03 2.38334e-04
8.77338e+03 2.40035e-04
8.77525e+03 2.41046e-04
8.77711e+03 2.41990e-04
8.77898e+03 2.44240e-04
8.78085e+03 2.44235e-04
8.78271e+03 2.44174e-04
8.78458e+03 2.44643e-04
8.78644e+03 2.43150e-04
8.78831e+03 2.43694e-04
8.79017e+03 2.48010e-04
8.79204e+03 2.50565e-04
8.79391e+03 2.51263e-04
8.79577e+03 2.52092e-04
8.79764e+03 2.52121e-04
8.79950e+03 2.52430e-04
8.80137e+03 2.54230e-04
8.80323e+03 2.54363e-04
8.80510e+03 2.53650e-04
8.80697e+03 2.51992e-04
8.80883e+03 2.51585e-04
8.81070e+03 2.50855e-04
8.81256e+03 2.50317e-04
8.81443e+03 2.49946e-04
8.81629e+03 2.48471e-04
8.81816e+03 2.46594e-04
8.82003e+03 2.44419e-04
8.82189e+03 2.43081e-04
8.82376e+03 2.41793e-04
8.82562e+03 2.43293e-04
8.82749e+03 2.40366e-04
8.82936e+03 2.39116e-04
8.83122e+03 2.35816e-04
8.83309e+03 2.33352e-04
8.83495e+03 2.35325e-04
8.83682e+03 2.35349e-04
8.83868e+03 2.40062e-04
8.84055e+03 2.43379e-04
8.84242e+03 2.44436e-04
8.84428e+03 2.44562e-04
8.84615e+03 2.47409e-04
8.84801e+03 2.54049e-04
8.84988e+03 2.57709e-04
8.85174e+03 2.59767e-04
8.85361e+03 2.61421e-04
8.85548e+03 2.64314e-04
8.85734e+03 2.66180e-04
8.85921e+03 2.72946e-04
8.86107e+03 2.76380e-04
8.86294e+03 2.78136e-04
8.86480e+03 2.81739e-04
8.86667e+03 2.83100e-04
8.86854e+03 2.82283e-04
8.87040e+03 2.84606e-04
8.87227e+03 2.85626e-04
8.87413e+03 2.85740e-04
8.87600e+03 2.87565e-04
8.87786e+03 2.85764e-04
8.87973e+03 2.82076e-04
8.88160e+03 2.77527e-04
8.88346e+03 2.76421e-04
8.88533e+03 2.76266e-04
8.88719e+03 2.78149e-04
8.88906e+03 2.76625e-04
8.89092e+03 2.74474e-04
8.89279e+03 2.69403e-04
8.89466e+03 2.61933e-04
8.89652e+03 2.63830e-04
8.89839e+03 2.66848e-04
8.90025e+03 2.67920e-04
8.90212e+03 2.65404e-04
8.90399e+03 2.61016e-04
8.90585e+03 2.60775e-04
8.90772e+03 2.62081e-04
8.90958e+03 2.61954e-04
8.91145e+03 2.65563e-04
8.91331e+03 2.69255e-04
8.91518e+03 2.72402e-04
8.91704e+03 2.73784e-04
8.91891e+03 2.67888e-04
8.92078e+03 2.62685e-04
8.92264e+03 2.64679e-04
8.92451e+03 2.69167e-04
8.92637e+03 2.71890e-04
8.92824e+03 2.76821e-04
8.93010e+03 2.79110e-04
8.93197e+03 2.77878e-04
8.93384e+03 2.75606e-04
8.93570e+03 2.66413e-04
8.93757e+03 2.41919e-04
8.93943e+03 2.12719e-04
8.94130e+03 1.82592e-04
8.94317e+03 1.89215e-04
8.94503e+03 2.29141e-04
8.94690e+03 2.58017e-04
8.94876e+03 2.77187e-04
8.95063e+03 2.90377e-04
8.95249e+03 2.99936e-04
8.95436e+03 3.09597e-04
8.95623e+03 3.20828e-04
8.95809e+03 3.23193e-04
8.95996e+03 3.19742e-04
8.96182e+03 3.19168e-04
8.96369e+03 3.21035e-04
8.96555e+03 3.24365e-04
8.96742e+03 3.27391e-04
8.96929e+03 3.32488e-04
8.97115e+03 3.36855e-04
8.97302e+03 3.39298e-04
8.97488e+03 3.40762e-04
8.97675e+03 3.36823e-04
8.97861e+03 3.31516e-04
8.98048e+03 3.33539e-04
8.98235e+03 3.36441e-04
8.98421e+03 3.36477e-04
8.98608e+03 3.34743e-04
8.98794e+03 3.32826e-04
8.98981e+03 3.34173e-04
8.99167e+03 3.34996e-04
8.99354e+03 3.36067e-04
8.99541e+03 3.34812e-04
8.99727e+03 3.35052e-04
8.99914e+03 3.36586e-04
9.00100e+03 3.34954e-04
9.00287e+03 3.34237e-04
9.00473e+03 3.37647e-04
9.00660e+03 3.38841e-04
9.00847e+03 3.42209e-04
9.01033e+03 3.45746e-04
9.01220e+03 3.48497e-04
9.01406e+03 3.54378e-04
9.01593e+03 3.59386e-04
9.01780e+03 3.63400e-04
9.01966e+03 3.67644e-04
9.02153e+03 3.69020e-04
9.02339e+03 3.67903e-04
9.02526e+03 3.72642e-04
9.02712e+03 3.77488e-04
9.02899e+03 3.82143e-04
9.03086e+03 3.88444e-04
9.03272e+03 3.94356e-04
9.03459e+03 4.03193e-04
9.03645e+03 4.05371e-04
9.03832e+03 4.04394e-04
9.04018e+03 4.05741e-04
9.04205e+03 4.04607e-04
9.04392e+03 4.04163e-04
9.04578e+03 4.07652e-04
9.04765e+03 4.07650e-04
9.04951e+03 4.08223e-04
9.05138e+03 4.08439e-04
9.05324e+03 4.08839e-04
9.05511e+03 4.09437e-04
9.05698e+03 4.05533e-04
9.05884e+03 4.05330e-04
9.06071e+03 4.06332e-04
9.06257e+03 4.07786e-04
9.06444e+03 4.07849e-04
9.06630e+03 4.07204e-04
9.06817e+03 4.05975e-04
9.07004e+03 4.03532e-04
9.07190e+03 4.05729e-04
9.07377e+03 4.07574e-04
9.07563e+03 4.08433e-04
9.07750e+03 4.08374e-04
9.07937e+03 4.09511e-04
9.08123e+03 4.10315e-04
9.08310e+03 4.09678e-04
9.08496e+03 4.07951e-04
9.08683e+03 4.08480e-04
9.08869e+03 4.10871e-04
9.09056e+03 4.08668e-04
9.09243e+03 4.09731e-04
9.09429e+03 4.10137e-04
9.09616e+03 4.09215e-04
9.09802e+03 4.09660e-04
9.09989e+03 4.08438e-04
9.10175e+03 4.07035e-04
9.10362e+03 4.04217e-04
9.10549e+03 4.03725e-04
9.10735e+03 4.06509e-04
9.10922e+03 4.09858e-04
9.11108e+03 4.12786e-04
9.11295e+03 4.11286e-04
9.11481e+03 4.10552e-04
9.11668e+03 4.10255e-04
9.11855e+03 4.10109e-04
9.12041e+03 4.11250e-04
9.12228e+03 4.10966e-04
9.12414e+03 4.09491e-04
9.12601e+03 4.06554e-04
9.12787e+03 4.06699e-04
9.12974e+03 4.11168e-04
9.13161e+03 4.10786e-04
9.13347e+03 4.07830e-04
9.13534e+03 4.07811e-04
9.13720e+03 4.10182e-04
9.13907e+03 4.11310e-04
9.14093e+03 4.12995e-04
9.14280e+03 4.16400e-04
9.14467e+03 4.20337e-04
9.14653e+03 4.23856e-04
9.14840e+03 4.27469e-04
9.15026e+03 4.28755e-04
9.15213e+03 4.33704e-04
9.15399e+03 4.41227e-04
9.15586e+03 4.45266e-04
9.15773e+03 4.52555e-04
9.15959e+03 4.61309e-04
9.16146e+03 4.68933e-04
9.16332e+03 4.74319e-04
9.16519e+03 4.75896e-04
9.16705e+03 4.79638e-04
9.16892e+03 4.82964e-04
9.17079e+03 4.83925e-04
9.17265e+03 4.85432e-04
9.17452e+03 4.91214e-04
9.17638e+03 5.00493e-04
9.17825e+03 5.06781e-04
9.18011e+03 5.10097e-04
9.18198e+03 5.09032e-04
9.18385e+03 5.06976e-04
9.18571e+03 5.08597e-04
9.18758e+03 5.08361e-04
9.18944e+03 5.09624e-04
9.19131e+03 5.06536e-04
9.19318e+03 5.02218e-04
9.19504e+03 5.01539e-04
9.19691e+03 5.03008e-04
9.19877e+03 5.05788e-04
9.20064e+03 5.06230e-04
9.20250e+03 5.05204e-04
9.20437e+03 5.02712e-04
9.20624e+03 5.00964e-04
9.20810e+03 4.99250e-04
9.20997e+03 4.96953e-04
9.21183e+03 4.96359e-04
9.21370e+03 4.97364e-04
9.21556e+03 4.98125e-04
9.21743e+03 5.00111e-04
9.21930e+03 5.01980e-04
9.22116e+03 5.03154e-04
9.22303e+03 5.04677e-04
9.22489e+03 5.05162e-04
9.22676e+03 5.06642e-04
9.22862e+03 5.08204e-04
9.23049e+03 5.08681e-04
9.23236e+03 5.09614e-04
9.23422e+03 5.11901e-04
9.23609e+03 5.11638e-04
9.23795e+03 5.11834e-04
9.23982e+03 5.13641e-04
9.24168e+03 5.14471e-04
9.24355e+03 5.16770e-04
9.24542e+03 5.18592e-04
9.24728e+03 5.18130e-04
9.24915e+03 5.11497e-04
9.25101e+03 5.08423e-04
9.25288e+03 5.05171e-04
9.25474e+03 5.00598e-04
9.25661e+03 4.98212e-04
9.25848e+03 4.92956e-04
9.26034e+03 4.84356e-04
9.26221e+03 4.79894e-04
9.26407e+03 4.75685e-04
9.26594e+03 4.71971e-04
9.26781e+03 4.65378e-04
9.26967e+03 4.54927e-04
9.27154e+03 4.44888e-04
9.27340e+03 4.32577e-04
9.27527e+03 4.18476e-04
9.27713e+03 4.08855e-04
9.27900e+03 4.04956e-04
9.28087e+03 4.05473e-04
9.28273e+03 4.04553e-04
9.28460e+03 4.05770e-04
9.28646e+03 4.09228e-04
9.28833e+03 4.10867e-04
9.29019e+03 4.11761e-04
9.29206e+03 4.12885e-04
9.29393e+03 4.13298e-04
9.29579e+03 4.11142e-04
9.29766e+03 4.10552e-04
9.29952e+03 4.10883e-04
9.30139e+03 4.10700e-04
9.30325e+03 4.12445e-04
9.30512e+03 4.13595e-04
9.30699e+03 4.12427e-04
9.30885e+03 4.11738e-04
9.31072e+03 4.15406e-04
9.31258e+03 4.14176e-04
9.31445e+03 4.06588e-04
9.31631e+03 4.05221e-04
9.31818e+03 4.06977e-04
9.32005e+03 4.06095e-04
9.32191e+03 4.06822e-04
9.32378e+03 4.15159e-04
9.32564e+03 4.28067e-04
9.32751e+03 4.37259e-04
9.32938e+03 4.38801e-04
9.33124e+03 4.34816e-04
9.33311e+03 4.28327e-04
9.33497e+03 4.32897e-04
9.33684e+03 4.40623e-04
9.33870e+03 4.42691e-04
9.34057e+03 4.50535e-04
9.34244e+03 4.61597e-04
9.34430e+03 4.70491e-04
9.34617e+03 4.82985e-04
9.34803e+03 4.87804e-04
9.34990e+03 4.82995e-04
9.35176e+03 4.87856e-04
9.35363e+03 4.89721e-04
9.35549e+03 4.83961e-04
9.35736e+03 4.92862e-04
9.35923e+03 5.03991e-04
9.36109e+03 5.08422e-04
9.36296e+03 5.06597e-04
9.36482e+03 5.04526e-04
9.36669e+03 5.04996e-04
9.36856e+03 5.06203e-04
9.37042e+03 5.14019e-04
9.37229e+03 5.18393e-04
9.37415e+03 5.24858e-04
9.37602e+03 5.25886e-04
9.37788e+03 5.18398e-04
9.37975e+03 5.15242e-04
9.38162e+03 5.15663e-04
9.38348e+03 5.23800e-04
9.38535e+03 5.22969e-04
9.38721e+03 5.27691e-04
9.38908e+03 5.31890e-04
9.39094e+03 5.32599e-04
9.39281e+03 5.39260e-04
9.39468e+03 5.40659e-04
9.39654e+03 5.42081e-04
9.39841e+03 5.48851e-04
9.40027e+03 5.51298e-04
9.40214e+03 5.49598e-04
9.40400e+03 5.51789e-04
9.40587e+03 5.56097e-04
9.40774e+03 5.60994e-04
9.40960e+03 5.61674e-04
9.41147e+03 5.66132e-04
9.41333e+03 5.68279e-04
9.41520e+03 5.67835e-04
9.41706e+03 5.69676e-04
9.41893e+03 5.70005e-04
9.42080e+03 5.73946e-04
9.42266e+03 5.75674e-04
9.42453e+03 5.71528e-04
9.42639e+03 5.77869e-04
9.42826e+03 5.81935e-04
9.43012e+03 5.89371e-04
9.43199e+03 5.98184e-04
9.43386e+03 6.00541e-04
9.43572e+03 5.98606e-04
9.43759e+03 5.95395e-04
9.43945e+03 5.92338e-04
9.44132e+03 5.93074e-04
9.44319e+03 6.10024e-04
9.44505e+03 6.18632e-04
9.44692e+03 6.20691e-04
9.44878e+03 6.26271e-04
9.45065e+03 6.30105e-04
9.45251e+03 6.32175e-04
9.45438e+03 6.30637e-04
9.45625e+03 6.32928e-04
9.45811e+03 6.34464e-04
9.45998e+03 6.38869e-04
9.46184e+03 6.44540e-04
9.46371e+03 6.44660e-04
9.46557e+03 6.42694e-04
9.46744e+03 6.38596e-04
9.46931e+03 6.33600e-04
9.47117e+03 6.25580e-04
9.47304e+03 6.23189e-04
9.47490e+03 6.20623e-04
9.47677e+03 6.14916e-04
9.47863e+03 6.13274e-04
9.48050e+03 6.09896e-04
9.48237e+03 6.07842e-04
9.48423e+03 6.05765e-04
9.48610e+03 5.99648e-04
9.48796e+03 5.95188e-04
9.48983e+03 5.89237e-04
9.49169e+03 5.83902e-04
9.49356e+03 5.78640e-04
9.49543e+03 5.72794e-04
9.49729e+03 5.66357e-04
9.49916e+03 5.61720e-04
9.50102e+03 5.65957e-04
9.50289e+03 5.72256e-04
9.50475e+03 5.76498e-04
9.50662e+03 5.80412e-04
9.50849e+03 5.83647e-04
9.51035e+03 5.86628e-04
9.51222e+03 5.88038e-04
9.51408e+03 5.87479e-04
9.51595e+03 5.88287e-04
9.51782e+03 5.89806e-04
9.51968e+03 5.94658e-04
9.52155e+03 5.98745e-04
9.52341e+03 6.00161e-04
9.52528e+03 6.02990e-04
9.52714e+03 6.05604e-04
9.52901e+03 6.06100e-04
9.53088e+03 6.06675e-04
9.53274e+03 6.08882e-04
9.53461e+03 6.13038e-04
9.53647e+03 6.18649e-04
9.53834e+03 6.20758e-04
9.54020e+03 6.20332e-04
9.54207e+03 6.20322e-04
9.54394e+03 6.22976e-04
9.54580e+03 6.23875e-04
9.54767e+03 6.21736e-04
9.54953e+03 6.20105e-04
9.55140e+03 6.16943e-04
9.55326e+03 6.15897e-04
9.55513e+03 6.15600e-04
9.55700e+03 6.15701e-04
9.55886e+03 6.17422e-04
9.56073e+03 6.18222e-04
9.56259e+03 6.15379e-04
9.56446e+03 6.13588e-04
9.56632e+03 6.15958e-04
9.56819e+03 6.18266e-04
9.57006e+03 6.21045e-04
9.57192e+03 6.22408e-04
9.57379e+03 6.24793e-04
9.57565e+03 6.27934e-04
9.57752e+03 6.27330e-04
9.57938e+03 6.28324e-04
9.58125e+03 6.30811e-04
9.58312e+03 6.30408e-04
9.58498e+03 6.30222e-04
9.58685e+03 6.28757e-04
9.58871e+03 6.30842e-04
9.59058e+03 6.35752e-04
9.59244e+03 6.39357e-04
9.59431e+03 6.43357e-04
9.59618e+03 6.50001e-04
9.59804e+03 6.58762e-04
9.59991e+03 6.58318e-04
9.60177e+03 6.59190e-04
9.60364e+03 6.61328e-04
9.60550e+03 6.57764e-04
9.60737e+03 6.57720e-04
9.60924e+03 6.64051e-04
9.61110e+03 6.62301e-04
9.61297e+03 6.56756e-04
9.61483e+03 6.57860e-04
9.61670e+03 6.62314e-04
9.61857e+03 6.67310e-04
9.62043e+03 6.65595e-04
9.62230e+03 6.66972e-04
9.62416e+03 6.71418e-04
9.62603e+03 6.70361e-04
9.62789e+03 6.70092e-04
9.62976e+03 6.69752e-04
9.63163e+03 6.68423e-04
9.63349e+03 6.64912e-04
9.63536e+03 6.60402e-04
9.63722e+03 6.57090e-04
9.63909e+03 6.58304e-04
9.64095e+03 6.60149e-04
9.64282e+03 6.62489e-04
9.64469e+03 6.65196e-04
9.64655e+03 6.67120e-04
9.64842e+03 6.70881e-04
9.65028e+03 6.75546e-04
9.65215e+03 6.80078e-04
9.65401e+03 6.84624e-04
9.65588e+03 6.90785e-04
9.65775e+03 6.96293e-04
9.65961e+03 6.98908e-04
9.66148e+03 7.00836e-04
9.66334e+03 7.02454e-04
9.66521e+03 7.07580e-04
9.66707e+03 7.12745e-04
9.66894e+03 7.21034e-04
9.67081e+03 7.30408e-04
9.67267e+03 7.37596e-04
9.67454e+03 7.41799e-04
9.67640e+03 7.45220e-04
9.67827e+03 7.47775e-04
9.68013e+03 7.50278e-04
9.68200e+03 7.56104e-04
9.68387e+03 7.58859e-04
9.68573e+03 7.58875e-04
9.68760e+03 7.59550e-04
9.68946e+03 7.56730e-04
9.69133e+03 7.53910e-04
9.69320e+03 7.53801e-04
9.69506e+03 7.56307e-04
9.69693e+03 7.59378e-04
9.69879e+03 7.63972e-04
9.70066e+03 7.66553e-04
9.70252e+03 7.65706e-04
9.70439e+03 7.63022e-04
9.70626e+03 7.60687e-04
9.70812e+03 7.58660e-04
9.70999e+03 7.57603e-04
9.71185e+03 7.56482e-04
9.71372e+03 7.57633e-04
9.71558e+03 7.59420e-04
9.71745e+03 7.57377e-04
9.71932e+03 7.53627e-04
9.72118e+03 7.53562e-04
9.72305e+03 7.58208e-04
9.72491e+03 7.62370e-04
9.72678e+03 7.70073e-04
9.72864e+03 7.77357e-04
9.73051e+03 7.81747e-04
9.73238e+03 7.84231e-04
9.73424e+03 7.86411e-04
9.73611e+03 7.91113e-04
9.73797e+03 7.95321e-04
9.73984e+03 7.99132e-04
9.74170e+03 8.03042e-04
9.74357e+03 8.05415e-04
9.74544e+03 8.07624e-04
9.74730e+03 8.09033e-04
9.74917e+03 8.09501e-04
9.75103e+03 8.11247e-04
9.75290e+03 8.15356e-04
9.75477e+03 8.18477e-04
9.75663e+03 8.23227e-04
9.75850e+03 8.28225e-04
9.76036e+03 8.34061e-04
9.76223e+03 8.37595e-04
9.76409e+03 8.42681e-04
9.76596e+03 8.45590e-04
9.76783e+03 8.48888e-04
9.76969e+03 8.50623e-04
9.77156e+03 8.53181e-04
9.77342e+03 8.54504e-04
9.77529e+03 8.57096e-04
9.77715e+03 8.58437e-04
9.77902e+03 8.59305e-04
9.78088e+03 8.62634e-04
9.78275e+03 8.66697e-04
9.78462e+03 8.70318e-04
9.78648e+03 8.72557e-04
9.78835e+03 8.74978e-04
9.79021e+03 8.78121e-04
9.79208e+03 8.82124e-04
9.79395e+03 8.86180e-04
9.79581e+03 8.87478e-04
9.79768e+03 8.85219e-04
9.79954e+03 8.83013e-04
9.80141e+03 8.80254e-04
9.80327e+03 8.78739e-04
9.80514e+03 8.78306e-04
9.80701e+03 8.76643e-04
9.80887e+03 8.75366e-04
9.81074e+03 8.72994e-04
9.81260e+03 8.66676e-04
9.81447e+03 8.65444e-04
9.81633e+03 8.65034e-04
9.81820e+03 8.63692e-04
9.82007e+03 8.62861e-04
9.82193e+03 8.60200e-04
9.82380e+03 8.60191e-04
9.82566e+03 8.60213e-04
9.82753e+03 8.57900e-04
9.82939e+03 8.55174e-04
9.83126e+03 8.53162e-04
9.83313e+03 8.50819e-04
9.83499e+03 8.54649e-04
9.83686e+03 8.59496e-04
9.83872e+03 8.62073e-04
9.84059e+03 8.62461e-04
9.84245e+03 8.67137e-04
9.84432e+03 8.69327e-04
9.84619e+03 8.68481e-04
9.84805e+03 8.73242e-04
9.84992e+03 8.75989e-04
9.85178e+03 8.82203e-04
9.85365e+03 8.88053e-04
9.85551e+03 8.90683e-04
9.85738e+03 8.93050e-04
9.85925e+03 8.95883e-04
9.86111e+03 8.99856e-04
9.86298e+03 9.05315e-04
9.86484e+03 9.09795e-04
9.86671e+03 9.11311e-04
9.86858e+03 9.14368e-04
9.87044e+03 9.16290e-04
9.87231e+03 9.18690e-04
9.87417e+03 9.19212e-04
9.87604e+03 9.19212e-04
9.87790e+03 9.18156e-04
9.87977e+03 9.19464e-04
9.88164e+03 9.21539e-04
9.88350e+03 9.21185e-04
9.88537e+03 9.21524e-04
9.88723e+03 9.21816e-04
9.88910e+03 9.20644e-04
9.89096e+03 9.19571e-04
9.89283e+03 9.16617e-04
9.89470e+03 9.13559e-04
9.89656e+03 9.13104e-04
9.89843e+03 9.11867e-04
9.90029e+03 9.09921e-04
9.90216e+03 9.07787e-04
9.90402e+03 9.05134e-04
9.90589e+03 9.05827e-04
9.90776e+03 9.03334e-04
9.90962e+03 8.98445e-04
9.91149e+03 8.98197e-04
9.91335e+03 8.95594e-04
9.91522e+03 8.93279e-04
9.91708e+03 8.95987e-04
9.91895e+03 8.94361e-04
9.92082e+03 8.91610e-04
9.92268e+03 8.89910e-04
9.92455e+03 8.88563e-04
9.92641e+03 8.90878e-04
9.92828e+03 8.98642e-04
9.93014e+03 8.99289e-04
9.93201e+03 8.96476e-04
9.93388e+03 8.98775e-04
9.93574e+03 8.99961e-04
9.93761e+03 9.02567e-04
9.93947e+03 9.10515e-04
9.94134e+03 9.14033e-04
9.94321e+03 9.18190e-04
9.94507e+03 9.12932e-04
9.94694e+03 9.07291e-04
9.94880e+03 9.14434e-04
9.95067e+03 9.12457e-04
9.95253e+03 9.09977e-04
9.95440e+03 9.14186e-04
9.95627e+03 9.15667e-04
9.95813e+03 9.15549e-04
9.96000e+03 9.17543e-04
9.96186e+03 9.17716e-04
9.96373e+03 9.15976e-04
9.96559e+03 9.11886e-04
9.96746e+03 9.06129e-04
9.96933e+03 9.07677e-04
9.97119e+03 9.11430e-04
9.97306e+03 9.11063e-04
9.97492e+03 9.10495e-04
9.97679e+03 9.07573e-04
9.97865e+03 9.05796e-04
9.98052e+03 9.08090e-04
9.98239e+03 9.08960e-04
9.98425e+03 9.10321e-04
9.98612e+03 9.11767e-04
9.98798e+03 9.11168e-04
9.98985e+03 9.09370e-04
9.99171e+03 9.08179e-04
9.99358e+03 9.08745e-04
9.99545e+03 9.09495e-04
9.99731e+03 9.10396e-04
9.99918e+03 9.11467e-04
1.00010e+04 9.14140e-04
1.00029e+04 9.12795e-04
1.00048e+04 9.10590e-04
1.00066e+04 9.09550e-04
1.00085e+04 9.08575e-04
1.00104e+04 9.11290e-04
1.00122e+04 9.12342e-04
1.00141e+04 9.09493e-04
1.00160e+04 9.05888e-04
1.00178e+04 9.05411e-04
1.00197e+04 9.06050e-04
1.00216e+04 9.06351e-04
1.00234e+04 9.02786e-04
1.00253e+04 9.01195e-04
1.00272e+04 9.03821e-04
1.00290e+04 9.05478e-04
1.00309e+04 9.07144e-04
1.00328e+04 9.08239e-04
1.00346e+04 9.09933e-04
1.00365e+04 9.15054e-04
1.00384e+04 9.18460e-04
1.00402e+04 9.22559e-04
1.00421e+04 9.23458e-04
1.00440e+04 9.23563e-04
1.00458e+04 9.26863e-04
1.00477e+04 9.27525e-04
1.00496e+04 9.27474e-04
1.00514e+04 9.28558e-04
1.00533e+04 9.31488e-04
1.00551e+04 9.31568e-04
1.00570e+04 9.32149e-04
1.00589e+04 9.34510e-04
1.00607e+04 9.34929e-04
1.00626e+04 9.37102e-04
1.00645e+04 9.42239e-04
1.00663e+04 9.47651e-04
1.00682e+04 9.50196e-04
1.00701e+04 9.54418e-04
1.00719e+04 9.61310e-04
1.00738e+04 9.61717e-04
1.00757e+04 9.64920e-04
1.00775e+04 9.70511e-04
1.00794e+04 9.75065e-04
1.00813e+04 9.77590e-04
1.00831e+04 9.75811e-04
1.00850e+04 9.76802e-04
1.00869e+04 9.81489e-04
1.00887e+04 9.84881e-04
1.00906e+04 9.87609e-04
1.00925e+04 9.91086e-04
1.00943e+04 9.95821e-04
1.00962e+04 1.00482e-03
1.00981e+04 1.01258e-03
1.00999e+04 1.01134e-03
1.01018e+04 1.01531e-03
1.01800e+04 1.09863e-03
1.02192e+04 1.10904e-03
1.02585e+04 1.16892e-03
1.02979e+04 1.21718e-03
1.03375e+04 1.28207e-03
1.03772e+04 1.30659e-03
1.04169e+04 1.31018e-03
1.04569e+04 1.43518e-03
1.04969e+04 1.40260e-03
1.05370e+04 1.47145e-03
1.05773e+04 1.46016e-03
1.06176e+04 1.51313e-03
1.06581e+04 1.54580e-03
1.06986e+04 1.56124e-03
1.07393e+04 1.57680e-03
1.07801e+04 1.61867e-03
1.08209e+04 1.61676e-03
1.08619e+04 1.60755e-03
1.09029e+04 1.55956e-03
1.09441e+04 1.43173e-03
1.09853e+04 1.30753e-03
1.10266e+04 1.25097e-03
1.10680e+04 1.18599e-03
1.11095e+04 1.09432e-03
1.11511e+04 1.00403e-03
1.11927e+04 1.02550e-03
1.12345e+04 1.04265e-03
1.12763e+04 1.06372e-03
1.13181e+04 1.05469e-03
1.13601e+04 9.45550e-04
1.14021e+04 9.93749e-04
1.14441e+04 9.98428e-04
1.14863e+04 1.07448e-03
1.15285e+04 1.11171e-03
1.15708e+04 1.06582e-03
1.16131e+04 1.03251e-03
1.16554e+04 1.01722e-03
1.16979e+04 1.00315e-03
1.17404e+04 1.01379e-03
1.17829e+04 1.09722e-03
1.18255e+04 1.13547e-03
1.18681e+04 1.30218e-03
1.19108e+04 1.40353e-03
1.19535e+04 1.45983e-03
1.19962e+04 1.52704e-03
1.20390e+04 1.60438e-03
1.20819e+04 1.66512e-03
1.21247e+04 1.71414e-03
1.21676e+04 1.79345e-03
1.22105e+04 1.77600e-03
1.22535e+04 1.88930e-03
1.22965e+04 1.96346e-03
1.23395e+04 1.97303e-03
1.23825e+04 1.97285e-03
1.24256e+04 1.94839e-03
1.24686e+04 1.94225e-03
1.25117e+04 1.97992e-03
1.25549e+04 2.03882e-03
1.25980e+04 2.11571e-03
1.26411e+04 2.22761e-03
1.26843e+04 2.22121e-03
1.27274e+04 2.22156e-03
1.27706e+04 2.23961e-03
1.28138e+04 2.20334e-03
1.28569e+04 2.16168e-03
1.29001e+04 2.16407e-03
1.29433e+04 2.14700e-03
1.29865e+04 2.13122e-03
1.30296e+04 2.11842e-03
1.30728e+04 2.08226e-03
1.31160e+04 2.00601e-03
1.31592e+04 1.96268e-03
1.32023e+04 1.89343e-03
1.32455e+04 1.75347e-03
1.32886e+04 1.45064e-03
1.33317e+04 1.09131e-03
1.33748e+04 7.18109e-04
1.34179e+04 5.09588e-04
1.34610e+04 4.05432e-04
1.35041e+04 3.57388e-04
1.35471e+04 3.01468e-04
1.35902e+04 2.97753e-04
1.36332e+04 3.35475e-04
1.36761e+04 3.11423e-04
1.37191e+04 3.29670e-04
1.37620e+04 3.75489e-04
1.38049e+04 4.35411e-04
1.38478e+04 4.56849e-04
1.38906e+04 4.22481e-04
1.39335e+04 3.93232e-04
1.39762e+04 3.11741e-04
1.40190e+04 3.85331e-04
1.40617e+04 3.88771e-04
1.41044e+04 3.24781e-04
1.41471e+04 3.11673e-04
1.41897e+04 3.23440e-04
1.42322e+04 3.31490e-04
1.42748e+04 3.16028e-04
1.43173e+04 2.92517e-04
1.43597e+04 3.42834e-04
1.44022e+04 3.68599e-04
1.44445e+04 3.94617e-04
1.44869e+04 4.01890e-04
1.45291e+04 4.72710e-04
1.45714e+04 4.62563e-04
1.46136e+04 5.43262e-04
1.46557e+04 5.35125e-04
1.46978e+04 5.43619e-04
1.47399e+04 6.01405e-04
1.47819e+04 6.27416e-04
1.48238e+04 6.09690e-04
1.48657e+04 6.20233e-04
1.49076e+04 6.70967e-04
1.49494e+04 6.94267e-04
1.49911e+04 7.30418e-04
1.50328e+04 7.84150e-04
1.50745e+04 7.95320e-04
1.51161e+04 8.24308e-04
1.51576e+04 9.62329e-04
1.51991e+04 9.52272e-04
1.52405e+04 1.03588e-03
1.52818e+04 1.07753e-03
1.53231e+04 1.16564e-03
1.53644e+04 1.14942e-03
1.54056e+04 1.20835e-03
1.54467e+04 1.28910e-03
1.54878e+04 1.34228e-03
1.55288e+04 1.39818e-03
1.55697e+04 1.38844e-03
1.56106e+04 1.39853e-03
1.56514e+04 1.43940e-03
1.56922e+04 1.47116e-03
1.57329e+04 1.58320e-03
1.57736e+04 1.60875e-03
1.58141e+04 1.61404e-03
1.58547e+04 1.65817e-03
1.58951e+04 1.66081e-03
1.59355e+04 1.67369e-03
1.59758e+04 1.73606e-03
1.60161e+04 1.71661e-03
1.60563e+04 1.68407e-03
1.60964e+04 1.61177e-03
1.61365e+04 1.57088e-03
1.61765e+04 1.53080e-03
1.62165e+04 1.53405e-03
1.62563e+04 1.51759e-03
1.62962e+04 1.46994e-03
1.63359e+04 1.43773e-03
1.63756e+04 1.46230e-03
1.64152e+04 1.47428e-03
1.64548e+04 1.47159e-03
1.64943e+04 1.49792e-03
1.65337e+04 1.49504e-03
1.65730e+04 1.49471e-03
1.66123e+04 1.48963e-03
1.66515e+04 1.47131e-03
1.66907e+04 1.36862e-03
1.67298e+04 1.36887e-03
1.67688e+04 1.32780e-03
1.68078e+04 1.39330e-03
1.68467e+04 1.41057e-03
1.68855e+04 1.44524e-03
1.69243e+04 1.40174e-03
1.69630e+04 1.36631e-03
1.70016e+04 1.33303e-03
1.70402e+04 1.29516e-03
1.70787e+04 1.25267e-03
1.71171e+04 1.24228e-03
1.71555e+04 1.19727e-03
1.71938e+04 1.18413e-03
1.72321e+04 1.16547e-03
1.72702e+04 1.13247e-03
1.73084e+04 1.10271e-03
1.73464e+04 1.04829e-03
1.73844e+04 1.02847e-03
1.74223e+04 8.87881e-04
1.74602e+04 9.11262e-04
1.74980e+04 8.58611e-04
1.75357e+04 8.30960e-04
1.75734e+04 7.94040e-04
1.76110e+04 7.55953e-04
1.76485e+04 7.60490e-04
1.76860e+04 6.91745e-04
1.77234e+04 5.94655e-04
1.77608e+04 5.91030e-04
1.77981e+04 5.88179e-04
1.78353e+04 5.47556e-04
1.78725e+04 5.25919e-04
1.79096e+04 5.22405e-04
1.79466e+04 5.30049e-04
1.79836e+04 4.84879e-04
1.80205e+04 4.64753e-04
1.80574e+04 4.33116e-04
1.80942e+04 4.75294e-04
1.81310e+04 4.82859e-04
1.81677e+04 4.90362e-04
1.82043e+04 4.89075e-04
1.82408e+04 4.96720e-04
1.82774e+04 4.79307e-04
1.83138e+04 5.35846e-04
1.83502e+04 4.42368e-04
1.83865e+04 4.44597e-04
1.84228e+04 4.36741e-04
1.84590e+04 4.27535e-04
1.84952e+04 4.15747e-04
1.85313e+04 4.27644e-04
1.85674e+04 4.15884e-04
1.86033e+04 3.44363e-04
1.86393e+04 3.14887e-04
1.86752e+04 3.48813e-04
1.87110e+04 4.03821e-04
1.87468e+04 3.72584e-04
1.87825e+04 4.18865e-04
1.88181e+04 4.40880e-04
1.88538e+04 4.65163e-04
1.88893e+04 4.40697e-04
1.89248e+04 5.07132e-04
1.89603e+04 4.99537e-04
1.89956e+04 5.35989e-04
1.90310e+04 5.08654e-04
1.90663e+04 5.52849e-04
1.91015e+04 5.32915e-04
1.91367e+04 5.89682e-04
1.91718e+04 6.24429e-04
1.92069e+04 5.85834e-04
1.92419e+04 5.32384e-04
1.92769e+04 5.17884e-04
1.93118e+04 4.77975e-04
1.93467e+04 4.11033e-04
1.93816e+04 4.06173e-04
1.94163e+04 3.56541e-04
1.94511e+04 4.07159e-04
1.94857e+04 3.77176e-04
1.95204e+04 4.15879e-04
1.95549e+04 4.10519e-04
1.95895e+04 4.08735e-04
1.96239e+04 3.66899e-04
1.96584e+04 4.08461e-04
1.96928e+04 4.27091e-04
1.97271e+04 4.26777e-04
1.97614e+04 4.39631e-04
1.97956e+04 4.29662e-04
1.98298e+04 4.29610e-04
1.98640e+04 4.24393e-04
1.98981e+04 4.57697e-04
1.99321e+04 4.64756e-04
1.99661e+04 4.73019e-04
2.00001e+04 5.04493e-04
2.00340e+04 4.90122e-04
2.00678e+04 5.26132e-04
2.01017e+04 5.63287e-04
2.01354e+04 5.01225e-04
2.01692e+04 5.82673e-04
2.02028e+04 5.73844e-04
2.02365e+04 5.75076e-04
2.02700e+04 6.14452e-04
2.03036e+04 6.22382e-04
2.03371e+04 6.59561e-04
2.03705e+04 6.49066e-04
2.04039e+04 6.41737e-04
2.04373e+04 6.96314e-04
2.04706e+04 6.98143e-04
2.05039e+04 6.98101e-04
2.05371e+04 7.22068e-04
2.05703e+04 7.22299e-04
2.06034e+04 7.45268e-04
2.06365e+04 7.72773e-04
2.06695e+04 7.66557e-04
2.07025e+04 7.85433e-04
2.07355e+04 7.89291e-04
2.07684e+04 7.82763e-04
2.08012e+04 8.05308e-04
2.08341e+04 7.98325e-04
2.08668e+04 7.89783e-04
2.08996e+04 8.07657e-04
2.09322e+04 7.85811e-04
2.09649e+04 7.98878e-04
2.09975e+04 8.24055e-04
2.10300e+04 8.16232e-04
2.10625e+04 8.04931e-04
2.10950e+04 8.07446e-04
2.11274e+04 8.36301e-04
2.11597e+04 8.13458e-04
2.11920e+04 8.15749e-04
2.12243e+04 8.20950e-04
2.12565e+04 7.97018e-04
2.12887e+04 8.12879e-04
2.13208e+04 7.95118e-04
2.13529e+04 7.84348e-04
2.13850e+04 8.15766e-04
2.14170e+04 7.90970e-04
2.14489e+04 7.71070e-04
2.14808e+04 7.74511e-04
2.15127e+04 7.56643e-04
2.15445e+04 7.91825e-04
2.15762e+04 7.34331e-04
2.16079e+04 7.43999e-04
2.16396e+04 7.19189e-04
2.16712e+04 7.29070e-04
2.17028e+04 7.16988e-04
2.17343e+04 7.05345e-04
2.17658e+04 7.07521e-04
2.17972e+04 6.82916e-04
2.18286e+04 6.67757e-04
2.18599e+04 6.42708e-04
2.18912e+04 6.34166e-04
2.19224e+04 6.05520e-04
2.19536e+04 6.12549e-04
2.19848e+04 5.30047e-04
2.20159e+04 5.48612e-04
2.20469e+04 4.88838e-04
2.20779e+04 4.65017e-04
2.21088e+04 4.77378e-04
2.21397e+04 5.22833e-04
2.21705e+04 4.99945e-04
2.22013e+04 4.81826e-04
2.22321e+04 4.85524e-04
2.22628e+04 5.03226e-04
2.22934e+04 5.03703e-04
2.23240e+04 4.69592e-04
2.23545e+04 4.92835e-04
2.23850e+04 4.66974e-04
2.24154e+04 4.58994e-04
2.24458e+04 4.59353e-04
2.24762e+04 4.46916e-04
2.25064e+04 4.21462e-04
2.25367e+04 4.40306e-04
2.25668e+04 4.08213e-04
2.25970e+04 4.45930e-04
2.26270e+04 4.15241e-04
2.26571e+04 4.21623e-04
2.26870e+04 4.13852e-04
2.27170e+04 3.80262e-04
2.27468e+04 3.95632e-04
2.27766e+04 4.00736e-04
2.28064e+04 3.92647e-04
2.28361e+04 3.81407e-04
2.28658e+04 3.81252e-04
2.28954e+04 3.81940e-04
2.29249e+04 3.37441e-04
2.29544e+04 2.93666e-04
2.29839e+04 2.85057e-04
2.30133e+04 2.85893e-04
2.30426e+04 3.32518e-04
2.30719e+04 3.07192e-04
2.31012e+04 3.36986e-04
2.31304e+04 3.38538e-04
2.31595e+04 3.15464e-04
2.31886e+04 2.78067e-04
2.32176e+04 2.79043e-04
2.32466e+04 2.59167e-04
2.32756e+04 2.42972e-04
2.33045e+04 2.43477e-04
2.33333e+04 2.41154e-04
2.33621e+04 2.59100e-04
2.33908e+04 2.63631e-04
2.34195e+04 2.43658e-04
2.34482e+04 2.48564e-04
2.34768e+04 2.68691e-04
2.35053e+04 2.62982e-04
2.35338e+04 2.57854e-04
2.35623e+04 2.59653e-04
2.35907e+04 3.00368e-04
2.36191e+04 2.94411e-04
2.36474e+04 2.79888e-04
2.36756e+04 2.84430e-04
2.37039e+04 2.67209e-04
2.37321e+04 2.59111e-04
2.37602e+04 2.59455e-04
2.37883e+04 2.32989e-04
2.38164e+04 2.19084e-04
2.38444e+04 2.93194e-04
2.38724e+04 2.67150e-04
2.39003e+04 3.04505e-04
2.39283e+04 2.63453e-04
2.39561e+04 3.18386e-04
2.39840e+04 2.92070e-04
2.40118e+04 3.24039e-04
2.40396e+04 3.27094e-04
2.40673e+04 2.87772e-04
2.40950e+04 3.00751e-04
2.41227e+04 3.41510e-04
2.41504e+04 3.28463e-04
2.41780e+04 3.01039e-04
2.42056e+04 3.21097e-04
2.42332e+04 3.13735e-04
2.42607e+04 3.23673e-04
2.42883e+04 2.95815e-04
2.43158e+04 3.33018e-04
2.43433e+04 3.50749e-04
2.43708e+04 3.08425e-04
2.43983e+04 3.07081e-04
2.44257e+04 2.90755e-04
2.44532e+04 3.10387e-04
2.44806e+04 3.08777e-04
2.45081e+04 3.36609e-04
2.45355e+04 2.99212e-04
2.45629e+04 2.74751e-04
2.45904e+04 2.45822e-04
2.46178e+04 3.14920e-04
2.46453e+04 2.81889e-04
2.46727e+04 3.04858e-04
2.47002e+04 2.86890e-04
2.47277e+04 2.48984e-04
2.47552e+04 2.45874e-04
2.47827e+04 2.82019e-04
2.48102e+04 2.88382e-04
2.48378e+04 3.19612e-04
2.48654e+04 2.37036e-04
2.48930e+04 2.82309e-04
2.49206e+04 2.57402e-04
2.49483e+04 2.97287e-04
2.49761e+04 2.90561e-04
2.50038e+04 2.96884e-04
2.50317e+04 1.74895e-04
2.50595e+04 2.13670e-04
2.50875e+04 2.42367e-04
2.51155e+04 3.42455e-04
3.35260e+04 1.80411e-04
3.50751e+04 2.77478e-04
3.75400e+04 3.09509e-04
4.43658e+04 1.39715e-04
4.60280e+04 1.23054e-04
5.12652e+04 1.58301e-04
5.15676e+04 1.12902e-04
5.18700e+04 1.20265e-04
5.21725e+04 1.05039e-04
5.24749e+04 9.09422e-05
5.27773e+04 8.10878e-05
5.30797e+04 1.03403e-04
5.33821e+04 9.95937e-05
5.36846e+04 1.04544e-04
5.39870e+04 9.03214e-05
5.42894e+04 7.86796e-05
5.45918e+04 7.60723e-05
5.48942e+04 7.33457e-05
