#  wave flux
#  SDSSp_J162414.37%2B002915.6.txt - T6.0
1.00000e-01 0.00000e+00
3.54300e+03 2.25808e-06
4.77000e+03 3.38044e-06
6.23100e+03 2.50816e-06
6.30570e+03 4.53415e-06
6.30760e+03 3.82227e-06
6.31331e+03 2.74823e-06
6.31521e+03 3.23837e-06
6.31711e+03 5.25355e-06
6.31901e+03 6.02986e-06
6.32471e+03 4.25479e-06
6.32851e+03 2.33858e-06
6.33042e+03 2.08831e-06
6.33232e+03 2.36355e-06
6.33422e+03 2.05557e-06
6.33612e+03 1.71601e-06
6.33992e+03 1.69041e-06
6.34182e+03 2.01077e-06
6.35323e+03 3.25086e-06
6.35703e+03 4.59072e-06
6.35893e+03 4.24054e-06
6.36273e+03 2.72247e-06
6.36463e+03 1.81935e-06
6.36653e+03 1.53561e-06
6.36843e+03 1.42911e-06
6.37034e+03 1.68775e-06
6.37414e+03 1.96989e-06
6.37604e+03 1.97601e-06
6.37794e+03 2.26034e-06
6.37984e+03 2.79812e-06
6.38174e+03 2.86398e-06
6.38364e+03 2.95969e-06
6.38554e+03 3.39395e-06
6.38744e+03 3.31556e-06
6.38934e+03 2.93969e-06
6.39125e+03 3.05237e-06
6.39315e+03 3.23118e-06
6.39695e+03 2.95327e-06
6.39885e+03 2.36458e-06
6.40075e+03 1.95307e-06
6.40645e+03 1.86314e-06
6.40835e+03 1.89760e-06
6.41406e+03 1.90496e-06
6.41786e+03 1.58527e-06
6.41976e+03 1.32085e-06
6.42166e+03 1.64242e-06
6.42356e+03 2.24980e-06
6.42546e+03 2.70559e-06
6.42926e+03 2.76628e-06
6.43117e+03 2.30110e-06
6.43497e+03 2.01388e-06
6.43687e+03 2.46820e-06
6.43877e+03 2.74416e-06
6.44067e+03 2.29876e-06
6.44257e+03 1.76912e-06
6.44447e+03 1.72835e-06
6.45018e+03 2.56541e-06
6.45208e+03 3.55899e-06
6.45398e+03 3.66774e-06
6.45588e+03 3.29967e-06
6.45778e+03 2.90809e-06
6.45968e+03 2.53863e-06
6.46158e+03 2.25616e-06
6.46348e+03 2.27431e-06
6.46538e+03 2.37228e-06
6.46728e+03 2.02876e-06
6.46918e+03 2.07696e-06
6.47109e+03 2.60773e-06
6.47299e+03 2.42057e-06
6.47869e+03 1.91887e-06
6.48059e+03 1.82367e-06
6.48249e+03 1.68757e-06
6.48439e+03 1.47046e-06
6.48629e+03 1.70016e-06
6.48819e+03 2.45510e-06
6.49010e+03 3.34299e-06
6.49200e+03 3.64695e-06
6.49390e+03 3.26046e-06
6.49580e+03 3.06620e-06
6.49770e+03 3.07250e-06
6.49960e+03 2.76628e-06
6.50150e+03 2.43975e-06
6.50340e+03 2.24511e-06
6.50910e+03 1.96922e-06
6.51101e+03 1.90757e-06
6.51291e+03 2.23226e-06
6.51481e+03 2.11999e-06
6.51671e+03 1.27701e-06
6.52241e+03 7.19713e-07
6.52621e+03 9.04389e-07
6.53192e+03 1.64140e-06
6.53382e+03 2.75823e-06
6.53572e+03 3.72917e-06
6.53762e+03 4.06772e-06
6.53952e+03 3.59312e-06
6.54142e+03 2.74807e-06
6.54332e+03 2.32436e-06
6.54522e+03 2.67968e-06
6.54712e+03 3.77700e-06
6.55283e+03 4.92913e-06
6.55473e+03 4.96858e-06
6.55663e+03 4.05373e-06
6.55853e+03 3.46230e-06
6.56043e+03 3.39058e-06
6.56233e+03 2.95671e-06
6.56423e+03 2.00768e-06
6.56613e+03 1.33146e-06
6.56803e+03 1.43734e-06
6.56994e+03 2.07193e-06
6.57184e+03 2.80464e-06
6.57374e+03 3.37329e-06
6.57564e+03 3.56217e-06
6.57754e+03 3.46839e-06
6.57944e+03 3.24180e-06
6.58134e+03 2.85626e-06
6.58324e+03 2.36331e-06
6.58514e+03 1.72556e-06
6.58894e+03 1.23117e-06
6.59275e+03 1.21288e-06
6.59465e+03 1.44985e-06
6.59845e+03 1.59722e-06
6.60035e+03 1.57829e-06
6.60225e+03 1.39564e-06
6.60605e+03 1.29639e-06
6.60795e+03 1.72689e-06
6.60985e+03 2.92575e-06
6.61176e+03 4.22955e-06
6.61366e+03 4.08940e-06
6.61556e+03 2.35175e-06
6.61936e+03 8.79272e-07
6.62126e+03 4.67603e-07
6.62316e+03 6.78942e-07
6.62506e+03 1.53845e-06
6.62696e+03 2.54934e-06
6.62886e+03 2.62059e-06
6.63077e+03 2.23562e-06
6.63267e+03 2.58146e-06
6.63457e+03 3.01995e-06
6.63837e+03 2.78278e-06
6.64407e+03 2.93507e-06
6.64597e+03 3.59638e-06
6.64787e+03 3.71628e-06
6.64977e+03 3.21550e-06
6.65168e+03 2.44555e-06
6.65358e+03 1.60957e-06
6.65548e+03 1.22590e-06
6.65738e+03 1.51129e-06
6.65928e+03 1.92052e-06
6.66118e+03 2.03139e-06
6.66308e+03 1.96993e-06
6.66498e+03 2.15138e-06
6.66688e+03 2.36700e-06
6.66878e+03 2.54925e-06
6.67259e+03 3.61003e-06
6.67449e+03 4.91094e-06
6.67639e+03 5.09238e-06
6.67829e+03 4.32059e-06
6.68019e+03 3.07576e-06
6.68209e+03 2.10339e-06
6.68399e+03 2.16441e-06
6.68589e+03 2.57455e-06
6.68779e+03 2.30905e-06
6.69160e+03 2.10725e-06
6.69350e+03 2.46651e-06
6.69540e+03 2.58881e-06
6.69920e+03 2.50656e-06
6.70110e+03 2.75489e-06
6.70300e+03 3.27633e-06
6.70680e+03 3.98489e-06
6.70870e+03 4.20109e-06
6.71061e+03 3.99560e-06
6.71251e+03 4.01613e-06
6.71441e+03 3.63321e-06
6.71631e+03 3.03612e-06
6.71821e+03 2.61929e-06
6.72581e+03 1.99684e-06
6.72771e+03 1.77778e-06
6.72961e+03 2.59562e-06
6.73152e+03 3.74173e-06
6.73342e+03 4.03839e-06
6.73532e+03 3.24233e-06
6.73722e+03 2.40833e-06
6.73912e+03 2.51186e-06
6.74102e+03 3.29336e-06
6.74292e+03 3.83663e-06
6.74482e+03 3.95073e-06
6.74672e+03 4.18637e-06
6.74862e+03 4.54359e-06
6.75053e+03 4.86506e-06
6.75243e+03 5.12740e-06
6.75433e+03 5.03594e-06
6.75813e+03 4.42697e-06
6.76003e+03 3.31521e-06
6.76193e+03 2.50009e-06
6.76383e+03 2.49214e-06
6.76573e+03 2.42596e-06
6.76763e+03 1.90599e-06
6.76953e+03 1.38849e-06
6.77524e+03 1.30565e-06
6.77714e+03 1.67278e-06
6.77904e+03 2.21719e-06
6.78094e+03 3.07906e-06
6.78284e+03 3.90783e-06
6.78474e+03 3.72532e-06
6.78664e+03 2.69858e-06
6.79425e+03 1.86155e-06
6.79805e+03 1.80319e-06
6.79995e+03 2.00725e-06
6.80185e+03 2.27499e-06
6.80565e+03 3.10634e-06
6.80755e+03 3.90959e-06
6.80945e+03 4.16437e-06
6.81136e+03 4.40452e-06
6.81326e+03 4.52659e-06
6.81516e+03 3.69267e-06
6.81706e+03 2.26301e-06
6.81896e+03 1.78441e-06
6.82086e+03 2.54917e-06
6.82276e+03 3.51084e-06
6.82466e+03 4.47989e-06
6.82656e+03 5.89911e-06
6.82846e+03 6.41876e-06
6.83037e+03 5.06071e-06
6.83227e+03 4.20267e-06
6.83607e+03 5.11574e-06
6.83797e+03 5.95816e-06
6.83987e+03 6.04521e-06
6.84177e+03 6.18160e-06
6.84367e+03 5.97295e-06
6.84557e+03 4.75893e-06
6.84747e+03 3.10925e-06
6.84937e+03 1.85717e-06
6.85128e+03 1.35204e-06
6.85318e+03 1.60492e-06
6.85508e+03 2.21067e-06
6.85698e+03 2.46099e-06
6.85888e+03 2.64420e-06
6.86078e+03 3.92663e-06
6.86268e+03 5.76117e-06
6.86458e+03 6.07933e-06
6.86648e+03 4.77429e-06
6.86838e+03 3.95530e-06
6.87029e+03 4.42924e-06
6.87219e+03 4.82746e-06
6.87409e+03 4.28662e-06
6.87599e+03 3.50156e-06
6.87789e+03 3.19807e-06
6.87979e+03 3.30478e-06
6.88169e+03 3.37584e-06
6.88359e+03 2.93200e-06
6.88549e+03 2.31668e-06
6.88739e+03 2.23036e-06
6.88929e+03 2.62039e-06
6.89120e+03 3.00967e-06
6.89310e+03 2.93158e-06
6.89500e+03 2.41307e-06
6.89690e+03 2.04711e-06
6.89880e+03 2.42476e-06
6.90070e+03 3.40179e-06
6.90260e+03 4.27963e-06
6.90450e+03 5.04810e-06
6.90640e+03 5.76782e-06
6.90830e+03 5.72162e-06
6.91020e+03 5.12469e-06
6.91211e+03 5.02438e-06
6.91401e+03 5.05547e-06
6.91591e+03 4.40555e-06
6.92161e+03 3.86961e-06
6.92541e+03 4.52460e-06
6.92731e+03 5.62039e-06
6.92921e+03 5.85941e-06
6.93112e+03 5.25381e-06
6.93302e+03 4.99229e-06
6.93492e+03 5.62142e-06
6.93682e+03 5.58860e-06
6.93872e+03 4.02516e-06
6.94062e+03 2.93480e-06
6.94252e+03 3.35591e-06
6.94442e+03 3.88232e-06
6.94632e+03 4.11623e-06
6.94822e+03 4.62766e-06
6.95013e+03 4.75967e-06
6.95203e+03 4.40678e-06
6.95773e+03 4.01393e-06
6.95963e+03 3.27098e-06
6.96153e+03 2.39665e-06
6.96343e+03 1.94643e-06
6.96533e+03 2.25702e-06
6.96723e+03 3.22141e-06
6.96913e+03 4.07048e-06
6.97104e+03 4.32510e-06
6.97294e+03 4.37051e-06
6.97484e+03 4.02580e-06
6.97674e+03 3.01101e-06
6.97864e+03 2.70974e-06
6.98054e+03 3.45604e-06
6.98244e+03 3.64863e-06
6.98434e+03 2.98210e-06
6.98624e+03 2.49536e-06
6.98814e+03 2.70880e-06
6.99004e+03 3.42342e-06
6.99195e+03 4.02582e-06
6.99385e+03 4.20801e-06
6.99575e+03 4.10155e-06
6.99765e+03 3.66676e-06
6.99955e+03 2.87785e-06
7.00145e+03 2.28367e-06
7.00335e+03 2.79134e-06
7.00525e+03 3.91021e-06
7.00715e+03 4.12828e-06
7.00905e+03 3.62931e-06
7.01096e+03 3.59321e-06
7.01286e+03 4.00812e-06
7.01476e+03 4.17950e-06
7.01666e+03 3.52008e-06
7.01856e+03 2.52604e-06
7.02046e+03 2.33931e-06
7.02236e+03 2.60157e-06
7.02426e+03 2.86576e-06
7.02616e+03 3.79465e-06
7.02806e+03 4.89321e-06
7.02996e+03 5.05255e-06
7.03187e+03 4.52227e-06
7.03377e+03 3.99713e-06
7.03757e+03 3.60823e-06
7.03947e+03 3.41223e-06
7.04137e+03 3.83269e-06
7.04327e+03 4.38289e-06
7.04517e+03 3.88664e-06
7.04707e+03 3.32562e-06
7.04897e+03 3.85528e-06
7.05088e+03 4.49748e-06
7.05278e+03 4.61866e-06
7.05468e+03 4.69932e-06
7.05658e+03 5.44351e-06
7.05848e+03 6.44566e-06
7.06038e+03 6.45646e-06
7.06228e+03 5.77358e-06
7.06418e+03 5.20479e-06
7.06608e+03 4.85906e-06
7.06798e+03 4.57538e-06
7.06989e+03 3.77614e-06
7.07179e+03 3.02686e-06
7.07369e+03 3.30617e-06
7.07559e+03 3.87253e-06
7.07749e+03 3.93105e-06
7.07939e+03 3.84810e-06
7.08129e+03 4.01551e-06
7.08319e+03 4.05576e-06
7.08509e+03 3.55331e-06
7.08699e+03 2.91950e-06
7.08889e+03 2.92816e-06
7.09080e+03 3.64581e-06
7.09270e+03 3.99060e-06
7.09460e+03 3.42135e-06
7.09650e+03 3.01045e-06
7.09840e+03 3.01884e-06
7.10030e+03 2.82027e-06
7.10220e+03 2.44245e-06
7.10410e+03 2.55078e-06
7.10600e+03 3.57988e-06
7.10790e+03 5.05826e-06
7.10980e+03 5.76287e-06
7.11171e+03 5.45603e-06
7.11361e+03 5.23357e-06
7.11551e+03 5.39022e-06
7.11741e+03 5.41213e-06
7.11931e+03 4.91902e-06
7.12121e+03 4.09992e-06
7.12311e+03 4.04660e-06
7.12501e+03 4.86980e-06
7.12691e+03 5.42512e-06
7.12881e+03 5.41143e-06
7.13072e+03 5.07460e-06
7.13262e+03 4.86232e-06
7.13452e+03 5.62083e-06
7.13642e+03 6.57388e-06
7.13832e+03 6.26666e-06
7.14022e+03 5.42101e-06
7.14212e+03 5.21594e-06
7.14402e+03 5.19834e-06
7.14592e+03 4.65501e-06
7.14782e+03 3.95716e-06
7.14972e+03 3.78408e-06
7.15163e+03 3.91223e-06
7.15353e+03 4.00432e-06
7.15543e+03 3.96332e-06
7.15733e+03 3.77494e-06
7.15923e+03 3.80900e-06
7.16113e+03 3.81062e-06
7.16303e+03 3.74059e-06
7.16493e+03 4.55324e-06
7.16683e+03 5.99634e-06
7.16873e+03 6.68435e-06
7.17064e+03 6.60093e-06
7.17254e+03 6.32039e-06
7.17444e+03 5.86548e-06
7.17634e+03 5.53821e-06
7.17824e+03 5.43455e-06
7.18014e+03 4.83169e-06
7.18204e+03 3.52268e-06
7.18394e+03 2.56572e-06
7.18584e+03 2.85119e-06
7.18774e+03 3.76333e-06
7.18964e+03 4.14486e-06
7.19155e+03 4.15809e-06
7.19345e+03 4.17273e-06
7.19535e+03 3.89091e-06
7.19725e+03 3.87531e-06
7.19915e+03 4.53192e-06
7.20105e+03 4.91767e-06
7.20295e+03 4.56918e-06
7.20485e+03 3.88066e-06
7.20675e+03 3.10640e-06
7.20865e+03 2.68881e-06
7.21056e+03 2.95651e-06
7.21246e+03 3.64962e-06
7.21436e+03 4.41114e-06
7.21626e+03 4.66600e-06
7.21816e+03 4.20467e-06
7.22006e+03 3.84617e-06
7.22196e+03 4.02705e-06
7.22386e+03 4.44855e-06
7.22576e+03 4.83979e-06
7.22766e+03 4.91248e-06
7.22956e+03 4.56705e-06
7.23147e+03 4.23393e-06
7.23337e+03 4.07803e-06
7.23527e+03 3.88980e-06
7.23717e+03 4.40085e-06
7.23907e+03 6.43144e-06
7.24097e+03 8.29408e-06
7.24287e+03 7.92350e-06
7.24477e+03 6.43750e-06
7.24857e+03 5.61493e-06
7.25048e+03 5.32028e-06
7.25238e+03 5.32576e-06
7.25428e+03 5.61206e-06
7.25618e+03 5.61425e-06
7.25808e+03 5.17301e-06
7.25998e+03 4.42508e-06
7.26188e+03 3.67392e-06
7.26378e+03 3.63974e-06
7.26568e+03 4.44461e-06
7.26758e+03 5.01449e-06
7.26948e+03 4.68198e-06
7.27139e+03 4.74782e-06
7.27329e+03 6.15711e-06
7.27519e+03 7.55489e-06
7.27709e+03 8.22601e-06
7.27899e+03 9.08803e-06
7.28089e+03 9.79648e-06
7.28279e+03 8.98888e-06
7.28469e+03 7.05658e-06
7.28659e+03 5.30859e-06
7.28849e+03 4.30661e-06
7.29039e+03 4.34362e-06
7.29230e+03 5.37833e-06
7.29420e+03 6.55024e-06
7.29610e+03 6.58486e-06
7.29800e+03 5.47577e-06
7.29990e+03 4.64490e-06
7.30560e+03 4.95110e-06
7.30750e+03 5.78617e-06
7.30940e+03 6.16511e-06
7.31131e+03 6.14631e-06
7.31321e+03 6.04652e-06
7.31511e+03 5.36538e-06
7.31701e+03 4.06975e-06
7.31891e+03 3.30876e-06
7.32081e+03 3.32671e-06
7.32271e+03 3.10475e-06
7.32461e+03 2.78215e-06
7.32651e+03 3.59394e-06
7.32841e+03 5.14367e-06
7.33032e+03 5.53991e-06
7.33222e+03 4.52359e-06
7.33412e+03 4.13513e-06
7.33602e+03 5.22838e-06
7.33792e+03 5.87144e-06
7.33982e+03 4.82967e-06
7.34362e+03 3.24676e-06
7.34552e+03 2.24196e-06
7.34742e+03 2.39209e-06
7.34932e+03 3.42849e-06
7.35123e+03 3.75725e-06
7.35313e+03 2.96525e-06
7.35503e+03 2.48766e-06
7.35693e+03 2.90205e-06
7.35883e+03 3.81101e-06
7.36073e+03 4.43173e-06
7.36263e+03 4.25785e-06
7.36453e+03 4.32923e-06
7.36643e+03 5.16027e-06
7.36833e+03 6.42767e-06
7.37024e+03 7.93093e-06
7.37214e+03 8.45074e-06
7.37404e+03 7.31709e-06
7.37594e+03 5.34389e-06
7.37784e+03 3.97086e-06
7.37974e+03 4.04287e-06
7.38164e+03 4.88824e-06
7.38354e+03 5.39034e-06
7.38544e+03 5.40664e-06
7.38734e+03 5.01630e-06
7.38924e+03 4.47300e-06
7.39115e+03 4.32764e-06
7.39305e+03 4.32433e-06
7.39495e+03 4.14779e-06
7.39685e+03 4.07665e-06
7.39875e+03 4.24098e-06
7.40065e+03 4.08641e-06
7.40255e+03 3.45735e-06
7.40445e+03 3.13683e-06
7.40635e+03 3.43854e-06
7.40825e+03 3.74695e-06
7.41015e+03 3.70848e-06
7.41206e+03 3.47462e-06
7.41396e+03 3.13185e-06
7.41776e+03 3.16093e-06
7.41966e+03 3.54822e-06
7.42156e+03 3.18335e-06
7.42346e+03 2.11353e-06
7.42536e+03 1.62599e-06
7.42916e+03 2.08982e-06
7.43107e+03 2.88712e-06
7.43297e+03 3.59622e-06
7.43487e+03 4.15911e-06
7.43677e+03 4.19532e-06
7.43867e+03 3.79632e-06
7.44057e+03 3.52501e-06
7.44247e+03 3.67884e-06
7.44627e+03 4.38301e-06
7.44817e+03 4.58524e-06
7.45008e+03 3.72833e-06
7.45198e+03 2.84305e-06
7.45578e+03 2.50974e-06
7.45768e+03 2.48121e-06
7.45958e+03 2.72788e-06
7.46148e+03 3.19131e-06
7.46338e+03 3.23110e-06
7.46528e+03 2.51061e-06
7.46718e+03 2.26912e-06
7.46908e+03 3.31935e-06
7.47099e+03 3.82483e-06
7.47289e+03 2.68832e-06
7.47479e+03 1.82093e-06
7.47859e+03 2.37167e-06
7.48049e+03 3.64348e-06
7.48239e+03 4.80994e-06
7.48429e+03 5.23398e-06
7.48619e+03 4.83845e-06
7.48809e+03 4.05680e-06
7.48999e+03 3.11020e-06
7.49380e+03 2.50656e-06
7.49570e+03 2.33777e-06
7.49760e+03 2.03990e-06
7.49950e+03 2.33370e-06
7.50140e+03 3.55655e-06
7.50330e+03 4.44618e-06
7.50520e+03 4.67729e-06
7.50710e+03 4.95650e-06
7.50900e+03 5.11545e-06
7.51091e+03 4.48367e-06
7.51281e+03 3.10587e-06
7.51471e+03 1.89638e-06
7.51661e+03 1.42231e-06
7.51851e+03 1.40528e-06
7.52231e+03 2.13428e-06
7.52421e+03 4.15463e-06
7.52611e+03 5.89313e-06
7.52801e+03 5.13197e-06
7.53182e+03 3.22609e-06
7.53372e+03 2.89373e-06
7.53562e+03 3.85976e-06
7.53752e+03 4.02742e-06
7.53942e+03 3.15309e-06
7.54322e+03 2.38475e-06
7.54702e+03 1.94884e-06
7.54892e+03 2.07203e-06
7.55273e+03 2.44497e-06
7.55463e+03 2.31265e-06
7.55653e+03 1.87754e-06
7.55843e+03 1.70039e-06
7.56033e+03 2.16304e-06
7.56413e+03 3.01771e-06
7.56603e+03 3.21491e-06
7.56793e+03 2.47056e-06
7.56984e+03 1.79719e-06
7.57174e+03 1.66934e-06
7.57364e+03 1.87703e-06
7.57554e+03 2.00946e-06
7.57744e+03 1.67123e-06
7.57934e+03 1.27124e-06
7.58314e+03 1.45414e-06
7.58504e+03 2.12982e-06
7.58694e+03 2.70037e-06
7.58884e+03 2.63756e-06
7.59075e+03 1.99539e-06
7.59265e+03 1.57328e-06
7.59455e+03 1.43078e-06
7.59645e+03 1.20625e-06
7.59835e+03 1.54327e-06
7.60595e+03 2.54118e-06
7.60785e+03 2.98833e-06
7.60975e+03 2.29302e-06
7.61166e+03 1.37279e-06
7.61356e+03 1.31293e-06
7.61736e+03 1.70750e-06
7.61926e+03 1.52102e-06
7.62116e+03 1.12432e-06
7.62496e+03 1.29011e-06
7.62686e+03 2.17755e-06
7.62876e+03 3.36063e-06
7.63067e+03 3.46287e-06
7.63257e+03 2.37479e-06
7.63447e+03 1.60660e-06
7.64017e+03 1.42678e-06
7.64207e+03 1.28871e-06
7.64587e+03 1.16947e-06
7.64777e+03 1.16670e-06
7.64968e+03 1.35403e-06
7.65538e+03 1.65000e-06
7.65728e+03 1.83463e-06
7.65918e+03 2.13740e-06
7.66298e+03 2.80641e-06
7.66488e+03 2.98470e-06
7.66678e+03 1.95865e-06
7.66868e+03 1.08328e-06
7.67059e+03 1.55034e-06
7.67249e+03 2.57144e-06
7.67439e+03 2.77580e-06
7.68009e+03 1.98204e-06
7.68199e+03 1.01619e-06
7.68579e+03 5.62949e-07
7.68769e+03 8.63074e-07
7.69340e+03 1.37141e-06
7.69530e+03 1.31706e-06
7.69910e+03 1.12772e-06
7.70100e+03 1.66108e-06
7.70670e+03 2.75603e-06
7.71051e+03 3.66087e-06
7.71241e+03 4.00062e-06
7.71621e+03 3.89741e-06
7.71811e+03 3.57465e-06
7.72191e+03 3.56103e-06
7.72381e+03 4.16947e-06
7.72571e+03 4.23071e-06
7.72761e+03 3.39360e-06
7.72951e+03 3.28375e-06
7.73142e+03 4.59212e-06
7.73332e+03 5.63624e-06
7.73522e+03 4.89873e-06
7.73712e+03 3.33188e-06
7.73902e+03 2.66403e-06
7.74092e+03 3.17281e-06
7.74282e+03 4.73737e-06
7.74662e+03 7.87543e-06
7.74852e+03 1.08781e-05
7.75043e+03 1.07141e-05
7.75233e+03 8.13840e-06
7.76373e+03 5.66947e-06
7.76563e+03 4.29288e-06
7.76753e+03 4.27697e-06
7.76943e+03 4.46325e-06
7.77134e+03 4.73792e-06
7.77324e+03 6.08118e-06
7.77514e+03 6.60097e-06
7.77704e+03 5.73844e-06
7.77894e+03 5.52107e-06
7.78084e+03 5.20443e-06
7.78274e+03 3.98996e-06
7.78464e+03 3.07133e-06
7.78654e+03 2.79556e-06
7.78844e+03 3.66920e-06
7.79034e+03 6.37917e-06
7.79225e+03 9.15335e-06
7.79415e+03 9.93535e-06
7.79605e+03 9.39184e-06
7.79795e+03 8.65382e-06
7.79985e+03 8.05602e-06
7.80175e+03 8.17288e-06
7.80365e+03 9.15485e-06
7.80555e+03 9.26014e-06
7.80745e+03 7.51151e-06
7.80935e+03 5.75933e-06
7.81316e+03 5.04090e-06
7.81506e+03 4.98340e-06
7.81696e+03 6.17692e-06
7.81886e+03 8.85641e-06
7.82076e+03 1.05465e-05
7.82266e+03 8.80493e-06
7.82456e+03 5.70280e-06
7.82646e+03 4.41331e-06
7.82836e+03 5.23991e-06
7.83027e+03 6.64281e-06
7.83217e+03 6.72910e-06
7.83407e+03 5.69757e-06
7.83597e+03 5.37984e-06
7.83787e+03 5.83839e-06
7.83977e+03 5.85793e-06
7.84167e+03 5.19637e-06
7.84357e+03 4.08534e-06
7.84547e+03 3.17579e-06
7.84737e+03 3.94522e-06
7.84927e+03 6.04016e-06
7.85118e+03 6.93375e-06
7.85308e+03 6.64269e-06
7.85688e+03 7.22944e-06
7.85878e+03 7.38729e-06
7.86068e+03 5.70182e-06
7.86258e+03 4.77797e-06
7.86448e+03 5.86411e-06
7.86638e+03 7.39325e-06
7.86828e+03 8.12959e-06
7.87018e+03 8.03910e-06
7.87209e+03 7.69524e-06
7.87399e+03 6.95487e-06
7.87589e+03 5.97407e-06
7.87779e+03 5.28296e-06
7.87969e+03 4.66956e-06
7.88159e+03 4.48687e-06
7.88349e+03 5.31709e-06
7.88729e+03 6.45202e-06
7.88919e+03 6.47857e-06
7.89110e+03 5.66094e-06
7.89300e+03 5.23841e-06
7.89490e+03 5.02773e-06
7.89680e+03 5.40724e-06
7.89870e+03 7.00384e-06
7.90060e+03 8.14365e-06
7.90250e+03 8.09132e-06
7.90440e+03 7.78378e-06
7.90630e+03 6.78379e-06
7.90820e+03 5.31581e-06
7.91010e+03 4.48913e-06
7.91201e+03 4.32632e-06
7.91391e+03 5.19881e-06
7.91581e+03 6.22926e-06
7.91771e+03 6.44094e-06
7.91961e+03 6.81740e-06
7.92151e+03 7.16565e-06
7.92341e+03 7.18113e-06
7.92531e+03 8.82855e-06
7.92721e+03 1.18888e-05
7.92911e+03 1.38066e-05
7.93102e+03 1.36309e-05
7.93292e+03 1.25865e-05
7.93482e+03 1.20123e-05
7.93672e+03 1.06841e-05
7.93862e+03 8.17534e-06
7.94052e+03 6.56938e-06
7.94242e+03 6.19777e-06
7.94432e+03 5.49363e-06
7.94622e+03 4.79866e-06
7.94812e+03 5.52437e-06
7.95003e+03 6.43781e-06
7.95193e+03 5.98574e-06
7.95383e+03 5.85014e-06
7.95573e+03 7.97181e-06
7.95763e+03 1.16701e-05
7.95953e+03 1.45621e-05
7.96143e+03 1.35246e-05
7.96333e+03 9.58119e-06
7.96523e+03 8.71417e-06
7.96713e+03 1.15064e-05
7.96903e+03 1.27333e-05
7.97094e+03 1.17875e-05
7.97284e+03 1.12774e-05
7.97474e+03 1.08623e-05
7.97664e+03 9.77131e-06
7.97854e+03 8.64455e-06
7.98044e+03 8.15888e-06
7.98234e+03 8.37629e-06
7.98424e+03 8.33933e-06
7.98614e+03 7.40770e-06
7.98804e+03 6.53429e-06
7.98994e+03 6.71045e-06
7.99185e+03 7.55133e-06
7.99375e+03 8.96733e-06
7.99565e+03 1.08429e-05
7.99755e+03 1.20821e-05
7.99945e+03 1.25503e-05
8.00135e+03 1.22448e-05
8.00325e+03 1.11020e-05
8.00515e+03 1.08313e-05
8.00705e+03 1.24614e-05
8.00895e+03 1.43112e-05
8.01086e+03 1.46523e-05
8.01276e+03 1.38874e-05
8.01466e+03 1.28889e-05
8.01656e+03 1.11104e-05
8.01846e+03 8.90712e-06
8.02036e+03 8.52486e-06
8.02226e+03 1.01882e-05
8.02416e+03 1.23021e-05
8.02606e+03 1.43236e-05
8.02796e+03 1.49209e-05
8.02987e+03 1.36256e-05
8.03177e+03 1.31791e-05
8.03367e+03 1.48085e-05
8.03557e+03 1.63297e-05
8.03747e+03 1.63989e-05
8.03937e+03 1.59052e-05
8.04127e+03 1.53833e-05
8.04317e+03 1.48697e-05
8.04507e+03 1.45117e-05
8.04697e+03 1.47391e-05
8.04887e+03 1.57064e-05
8.05078e+03 1.62687e-05
8.05268e+03 1.55105e-05
8.05458e+03 1.39187e-05
8.05648e+03 1.23425e-05
8.05838e+03 1.16618e-05
8.06028e+03 1.25730e-05
8.06218e+03 1.29532e-05
8.06408e+03 1.18543e-05
8.06598e+03 1.19186e-05
8.06788e+03 1.27494e-05
8.06978e+03 1.23706e-05
8.07169e+03 1.16511e-05
8.07359e+03 1.19322e-05
8.07549e+03 1.30007e-05
8.07739e+03 1.39289e-05
8.07929e+03 1.41421e-05
8.08119e+03 1.40829e-05
8.08309e+03 1.44559e-05
8.08499e+03 1.49857e-05
8.08689e+03 1.53358e-05
8.08879e+03 1.52755e-05
8.09070e+03 1.46737e-05
8.09260e+03 1.39157e-05
8.09450e+03 1.32415e-05
8.09640e+03 1.28058e-05
8.09830e+03 1.26731e-05
8.10020e+03 1.28740e-05
8.10210e+03 1.36821e-05
8.10400e+03 1.47147e-05
8.10590e+03 1.54810e-05
8.10780e+03 1.64709e-05
8.10970e+03 1.76793e-05
8.11161e+03 1.80959e-05
8.11351e+03 1.75384e-05
8.11541e+03 1.64888e-05
8.11731e+03 1.50271e-05
8.11921e+03 1.36161e-05
8.12111e+03 1.32306e-05
8.12301e+03 1.42970e-05
8.12491e+03 1.59790e-05
8.12681e+03 1.73358e-05
8.12871e+03 1.80829e-05
8.13062e+03 1.79279e-05
8.13252e+03 1.72289e-05
8.13442e+03 1.66414e-05
8.13632e+03 1.62214e-05
8.13822e+03 1.61980e-05
8.14012e+03 1.63139e-05
8.14202e+03 1.59832e-05
8.14392e+03 1.61181e-05
8.14582e+03 1.75367e-05
8.14772e+03 1.90926e-05
8.14963e+03 1.97577e-05
8.15153e+03 1.95672e-05
8.15343e+03 1.86751e-05
8.15533e+03 1.78576e-05
8.15723e+03 1.80698e-05
8.15913e+03 1.90736e-05
8.16103e+03 2.01094e-05
8.16293e+03 2.03470e-05
8.16483e+03 1.99768e-05
8.16673e+03 2.00045e-05
8.16863e+03 2.02233e-05
8.17053e+03 1.99265e-05
8.17244e+03 1.94320e-05
8.17434e+03 1.94569e-05
8.17624e+03 1.96381e-05
8.17814e+03 1.94640e-05
8.18004e+03 1.91859e-05
8.18194e+03 1.90482e-05
8.18384e+03 1.86867e-05
8.18574e+03 1.80458e-05
8.18764e+03 1.84569e-05
8.18954e+03 2.02900e-05
8.19145e+03 2.19692e-05
8.19335e+03 2.25243e-05
8.19525e+03 2.22943e-05
8.19715e+03 2.14514e-05
8.19905e+03 2.06213e-05
8.20095e+03 2.05378e-05
8.20285e+03 2.06635e-05
8.20475e+03 2.10373e-05
8.20665e+03 2.23986e-05
8.20855e+03 2.36443e-05
8.21046e+03 2.34686e-05
8.21236e+03 2.32177e-05
8.21426e+03 2.41529e-05
8.21616e+03 2.47316e-05
8.21806e+03 2.38269e-05
8.21996e+03 2.27636e-05
8.22186e+03 2.25295e-05
8.22376e+03 2.27027e-05
8.22566e+03 2.26856e-05
8.22756e+03 2.20484e-05
8.22946e+03 2.11710e-05
8.23137e+03 2.12481e-05
8.23327e+03 2.20786e-05
8.23517e+03 2.25286e-05
8.23707e+03 2.29530e-05
8.23897e+03 2.38394e-05
8.24087e+03 2.45326e-05
8.24277e+03 2.49126e-05
8.24467e+03 2.49112e-05
8.24657e+03 2.43051e-05
8.24847e+03 2.40728e-05
8.25038e+03 2.49632e-05
8.25228e+03 2.63082e-05
8.25418e+03 2.71010e-05
8.25608e+03 2.72493e-05
8.25798e+03 2.74341e-05
8.25988e+03 2.76850e-05
8.26178e+03 2.74343e-05
8.26368e+03 2.66349e-05
8.26558e+03 2.59812e-05
8.26748e+03 2.59586e-05
8.26938e+03 2.60660e-05
8.27129e+03 2.64664e-05
8.27319e+03 2.82838e-05
8.27509e+03 3.05926e-05
8.27699e+03 3.14861e-05
8.27889e+03 3.19454e-05
8.28079e+03 3.35989e-05
8.28269e+03 3.42246e-05
8.28459e+03 3.08550e-05
8.28649e+03 2.61866e-05
8.28839e+03 2.51076e-05
8.29030e+03 2.80998e-05
8.29220e+03 3.20064e-05
8.29410e+03 3.32545e-05
8.29600e+03 3.14652e-05
8.29790e+03 2.98214e-05
8.29980e+03 2.91789e-05
8.30170e+03 2.77535e-05
8.30360e+03 2.68497e-05
8.30550e+03 2.77379e-05
8.30740e+03 2.82816e-05
8.30930e+03 2.71593e-05
8.31121e+03 2.62113e-05
8.31311e+03 2.71947e-05
8.31501e+03 2.84345e-05
8.31691e+03 2.84536e-05
8.31881e+03 2.83157e-05
8.32071e+03 2.86343e-05
8.32261e+03 2.84312e-05
8.32451e+03 2.74370e-05
8.32641e+03 2.72869e-05
8.32831e+03 2.86095e-05
8.33022e+03 3.02834e-05
8.33212e+03 3.11734e-05
8.33402e+03 3.11476e-05
8.33592e+03 3.15052e-05
8.33782e+03 3.22584e-05
8.33972e+03 3.08685e-05
8.34162e+03 2.70675e-05
8.34352e+03 2.48565e-05
8.34542e+03 2.70694e-05
8.34732e+03 3.12707e-05
8.34922e+03 3.32050e-05
8.35113e+03 3.26666e-05
8.35303e+03 3.22057e-05
8.35493e+03 3.19954e-05
8.35683e+03 3.12567e-05
8.35873e+03 3.04889e-05
8.36063e+03 3.00087e-05
8.36253e+03 2.94739e-05
8.36443e+03 2.96928e-05
8.36633e+03 3.20685e-05
8.36823e+03 3.60728e-05
8.37013e+03 3.90199e-05
8.37204e+03 3.95400e-05
8.37394e+03 3.89484e-05
8.37584e+03 3.88708e-05
8.37774e+03 3.97219e-05
8.37964e+03 4.07037e-05
8.38154e+03 4.11809e-05
8.38344e+03 4.17298e-05
8.38534e+03 4.16368e-05
8.38724e+03 3.95474e-05
8.38914e+03 3.72588e-05
8.39105e+03 3.72860e-05
8.39295e+03 3.91989e-05
8.39485e+03 4.12712e-05
8.39675e+03 4.11862e-05
8.39865e+03 3.81207e-05
8.40055e+03 3.58632e-05
8.40245e+03 3.66862e-05
8.40435e+03 3.80342e-05
8.40625e+03 3.84538e-05
8.40815e+03 3.81527e-05
8.41006e+03 3.66461e-05
8.41196e+03 3.55381e-05
8.41386e+03 3.70876e-05
8.41576e+03 3.95366e-05
8.41766e+03 4.06460e-05
8.41956e+03 4.08034e-05
8.42146e+03 4.05469e-05
8.42336e+03 4.04500e-05
8.42526e+03 4.13208e-05
8.42716e+03 4.14986e-05
8.42906e+03 3.90017e-05
8.43097e+03 3.67456e-05
8.43287e+03 3.86087e-05
8.43477e+03 4.32660e-05
8.43667e+03 4.69420e-05
8.43857e+03 4.77075e-05
8.44047e+03 4.59463e-05
8.44237e+03 4.39289e-05
8.44427e+03 4.35854e-05
8.44617e+03 4.40618e-05
8.44807e+03 4.34652e-05
8.44997e+03 4.17708e-05
8.45188e+03 4.11303e-05
8.45378e+03 4.24030e-05
8.45568e+03 4.33033e-05
8.45758e+03 4.20891e-05
8.45948e+03 3.83136e-05
8.46138e+03 3.36541e-05
8.46328e+03 3.30598e-05
8.46518e+03 3.72500e-05
8.46708e+03 4.09237e-05
8.46898e+03 4.18936e-05
8.47089e+03 4.26205e-05
8.47279e+03 4.40982e-05
8.47469e+03 4.51080e-05
8.47659e+03 4.56105e-05
8.47849e+03 4.61345e-05
8.48039e+03 4.66653e-05
8.48229e+03 4.74579e-05
8.48419e+03 4.76796e-05
8.48609e+03 4.61888e-05
8.48799e+03 4.50754e-05
8.48989e+03 4.65518e-05
8.49180e+03 4.85008e-05
8.49370e+03 4.90988e-05
8.49560e+03 4.95815e-05
8.49750e+03 5.15162e-05
8.49940e+03 5.43473e-05
8.50130e+03 5.54408e-05
8.50320e+03 5.33809e-05
8.50510e+03 4.95688e-05
8.50700e+03 4.56310e-05
8.50890e+03 4.16854e-05
8.51081e+03 3.84460e-05
8.51271e+03 3.65175e-05
8.51461e+03 3.40757e-05
8.51651e+03 2.97918e-05
8.51841e+03 2.63485e-05
8.52031e+03 2.67955e-05
8.52221e+03 3.07300e-05
8.52411e+03 3.63430e-05
8.52601e+03 4.25820e-05
8.52791e+03 4.85932e-05
8.52982e+03 5.25757e-05
8.53172e+03 5.34497e-05
8.53362e+03 5.29609e-05
8.53552e+03 5.24271e-05
8.53742e+03 5.13752e-05
8.53932e+03 5.03858e-05
8.54122e+03 5.01380e-05
8.54312e+03 4.99949e-05
8.54502e+03 5.00062e-05
8.54692e+03 5.11234e-05
8.54882e+03 5.29821e-05
8.55073e+03 5.42882e-05
8.55263e+03 5.51660e-05
8.55453e+03 5.59469e-05
8.55643e+03 5.60920e-05
8.55833e+03 5.61339e-05
8.56023e+03 5.64795e-05
8.56213e+03 5.64783e-05
8.56403e+03 5.63253e-05
8.56593e+03 5.64851e-05
8.56783e+03 5.68478e-05
8.56973e+03 5.71921e-05
8.57164e+03 5.68099e-05
8.57354e+03 5.56103e-05
8.57544e+03 5.43174e-05
8.57734e+03 5.30503e-05
8.57924e+03 5.25748e-05
8.58114e+03 5.32358e-05
8.58304e+03 5.41094e-05
8.58494e+03 5.59569e-05
8.58684e+03 5.90159e-05
8.58874e+03 6.11279e-05
8.59065e+03 6.12761e-05
8.59255e+03 6.01181e-05
8.59445e+03 5.90488e-05
8.59635e+03 5.95515e-05
8.59825e+03 6.10702e-05
8.60015e+03 6.16302e-05
8.60205e+03 6.07361e-05
8.60395e+03 5.95595e-05
8.60585e+03 5.91006e-05
8.60775e+03 5.89256e-05
8.60965e+03 5.88448e-05
8.61156e+03 6.01707e-05
8.61346e+03 6.25957e-05
8.61536e+03 6.36126e-05
8.61726e+03 6.15239e-05
8.61916e+03 5.72965e-05
8.62106e+03 5.37622e-05
8.62296e+03 5.22131e-05
8.62486e+03 5.13039e-05
8.62676e+03 5.12017e-05
8.62866e+03 5.42732e-05
8.63057e+03 6.01439e-05
8.63247e+03 6.49742e-05
8.63437e+03 6.64481e-05
8.63627e+03 6.67654e-05
8.63817e+03 6.84757e-05
8.64007e+03 7.06178e-05
8.64197e+03 7.06142e-05
8.64387e+03 6.88752e-05
8.64577e+03 6.97044e-05
8.64767e+03 7.35341e-05
8.64957e+03 7.50837e-05
8.65148e+03 7.39576e-05
8.65338e+03 7.45573e-05
8.65528e+03 7.63288e-05
8.65718e+03 7.61458e-05
8.65908e+03 7.45994e-05
8.66098e+03 7.25195e-05
8.66288e+03 7.05345e-05
8.66478e+03 7.02305e-05
8.66668e+03 7.11327e-05
8.66858e+03 7.19645e-05
8.67049e+03 7.31857e-05
8.67239e+03 7.46796e-05
8.67429e+03 7.45185e-05
8.67619e+03 7.26947e-05
8.67809e+03 7.07750e-05
8.67999e+03 6.85123e-05
8.68189e+03 6.56338e-05
8.68379e+03 6.45379e-05
8.68569e+03 6.64443e-05
8.68759e+03 6.89110e-05
8.68949e+03 7.00426e-05
8.69140e+03 6.99185e-05
8.69330e+03 6.94814e-05
8.69520e+03 6.98814e-05
8.69710e+03 7.13763e-05
8.69900e+03 7.35549e-05
8.70090e+03 7.54976e-05
8.70280e+03 7.65941e-05
8.70470e+03 7.73017e-05
8.70660e+03 7.71147e-05
8.70850e+03 7.58713e-05
8.71041e+03 7.54432e-05
8.71231e+03 7.61703e-05
8.71421e+03 7.59205e-05
8.71611e+03 7.43665e-05
8.71801e+03 7.37592e-05
8.71991e+03 7.49620e-05
8.72181e+03 7.63966e-05
8.72371e+03 7.72199e-05
8.72561e+03 7.78831e-05
8.72751e+03 7.81861e-05
8.72941e+03 7.77217e-05
8.73132e+03 7.74059e-05
8.73322e+03 7.79193e-05
8.73512e+03 7.84696e-05
8.73702e+03 7.91352e-05
8.73892e+03 8.02660e-05
8.74082e+03 8.07484e-05
8.74272e+03 7.99940e-05
8.74462e+03 7.88811e-05
8.74652e+03 7.85569e-05
8.74842e+03 7.90796e-05
8.75032e+03 7.96916e-05
8.75223e+03 8.00891e-05
8.75413e+03 8.17821e-05
8.75603e+03 8.61791e-05
8.75793e+03 9.04593e-05
8.75983e+03 8.83405e-05
8.76173e+03 7.90660e-05
8.76363e+03 7.31240e-05
8.76553e+03 7.67952e-05
8.76743e+03 8.32174e-05
8.76933e+03 8.74296e-05
8.77124e+03 9.03025e-05
8.77314e+03 9.15084e-05
8.77504e+03 9.03428e-05
8.77694e+03 8.74035e-05
8.77884e+03 8.44076e-05
8.78074e+03 8.28677e-05
8.78264e+03 8.23155e-05
8.78454e+03 8.28742e-05
8.78644e+03 8.49819e-05
8.78834e+03 8.70149e-05
8.79025e+03 8.80849e-05
8.79215e+03 8.83780e-05
8.79405e+03 8.81722e-05
8.79595e+03 8.77967e-05
8.79785e+03 8.68433e-05
8.79975e+03 8.58613e-05
8.80165e+03 8.58070e-05
8.80355e+03 8.68162e-05
8.80545e+03 8.88123e-05
8.80735e+03 9.02535e-05
8.80925e+03 8.97598e-05
8.81116e+03 8.88193e-05
8.81306e+03 8.95247e-05
8.81496e+03 9.18935e-05
8.81686e+03 9.52044e-05
8.81876e+03 1.00177e-04
8.82066e+03 1.07024e-04
8.82256e+03 1.12385e-04
8.82446e+03 1.12196e-04
8.82636e+03 1.07586e-04
8.82826e+03 1.05187e-04
8.83017e+03 1.08024e-04
8.83207e+03 1.10268e-04
8.83397e+03 1.08432e-04
8.83587e+03 1.05256e-04
8.83777e+03 1.01521e-04
8.83967e+03 9.74156e-05
8.84157e+03 9.51196e-05
8.84347e+03 9.47663e-05
8.84537e+03 9.43374e-05
8.84727e+03 9.38599e-05
8.84917e+03 9.43278e-05
8.85108e+03 9.51616e-05
8.85298e+03 9.52000e-05
8.85488e+03 9.53007e-05
8.85678e+03 9.74740e-05
8.85868e+03 1.00164e-04
8.86058e+03 1.01290e-04
8.86248e+03 1.01703e-04
8.86438e+03 1.01954e-04
8.86628e+03 1.01452e-04
8.86818e+03 1.00587e-04
8.87008e+03 1.00310e-04
8.87199e+03 1.00155e-04
8.87389e+03 9.96278e-05
8.87579e+03 9.94515e-05
8.87769e+03 1.00838e-04
8.87959e+03 1.02460e-04
8.88149e+03 1.01533e-04
8.88339e+03 9.85389e-05
8.88529e+03 9.66596e-05
8.88719e+03 9.85885e-05
8.88909e+03 1.01712e-04
8.89100e+03 1.01600e-04
8.89290e+03 1.00220e-04
8.89480e+03 1.01532e-04
8.89670e+03 1.05427e-04
8.89860e+03 1.09727e-04
8.90050e+03 1.11732e-04
8.90240e+03 1.10325e-04
8.90430e+03 1.06703e-04
8.90620e+03 1.02719e-04
8.90810e+03 1.01232e-04
8.91001e+03 1.01765e-04
8.91191e+03 1.01281e-04
8.91381e+03 1.02153e-04
8.91571e+03 1.06415e-04
8.91761e+03 1.08569e-04
8.91951e+03 1.06031e-04
8.92141e+03 1.01410e-04
8.92331e+03 9.53781e-05
8.92521e+03 9.04543e-05
8.92711e+03 9.04913e-05
8.92901e+03 9.38608e-05
8.93092e+03 9.52971e-05
8.93282e+03 9.16548e-05
8.93472e+03 8.30464e-05
8.93662e+03 7.27076e-05
8.93852e+03 6.60792e-05
8.94042e+03 6.52120e-05
8.94232e+03 6.86459e-05
8.94422e+03 7.58927e-05
8.94612e+03 8.41014e-05
8.94802e+03 9.07957e-05
8.94992e+03 9.85643e-05
8.95183e+03 1.07817e-04
8.95373e+03 1.13988e-04
8.95563e+03 1.15285e-04
8.95753e+03 1.14833e-04
8.95943e+03 1.13696e-04
8.96133e+03 1.10441e-04
8.96323e+03 1.06851e-04
8.96513e+03 1.06153e-04
8.96703e+03 1.08239e-04
8.96893e+03 1.09641e-04
8.97084e+03 1.09100e-04
8.97274e+03 1.09453e-04
8.97464e+03 1.10829e-04
8.97654e+03 1.10679e-04
8.97844e+03 1.09805e-04
8.98034e+03 1.08742e-04
8.98224e+03 1.05160e-04
8.98414e+03 1.01050e-04
8.98604e+03 1.01557e-04
8.98794e+03 1.06534e-04
8.98984e+03 1.12506e-04
8.99175e+03 1.17192e-04
8.99365e+03 1.18982e-04
8.99555e+03 1.18073e-04
8.99745e+03 1.16746e-04
8.99935e+03 1.16620e-04
9.00125e+03 1.17159e-04
9.00315e+03 1.17509e-04
9.00505e+03 1.18484e-04
9.00695e+03 1.20955e-04
9.00885e+03 1.23525e-04
9.01076e+03 1.24687e-04
9.01266e+03 1.25308e-04
9.01456e+03 1.25892e-04
9.01646e+03 1.26206e-04
9.01836e+03 1.26402e-04
9.02026e+03 1.25895e-04
9.02216e+03 1.25516e-04
9.02406e+03 1.26197e-04
9.02976e+03 1.27133e-04
9.03167e+03 1.28363e-04
9.03357e+03 1.29102e-04
9.03547e+03 1.29190e-04
9.03737e+03 1.29365e-04
9.03927e+03 1.30436e-04
9.04117e+03 1.31713e-04
9.04307e+03 1.32103e-04
9.04497e+03 1.32004e-04
9.04687e+03 1.32100e-04
9.04877e+03 1.32372e-04
9.05068e+03 1.32503e-04
9.05258e+03 1.32859e-04
9.05448e+03 1.33613e-04
9.05638e+03 1.34408e-04
9.05828e+03 1.35036e-04
9.06018e+03 1.35526e-04
9.06208e+03 1.35974e-04
9.06398e+03 1.36465e-04
9.06588e+03 1.36688e-04
9.06778e+03 1.36832e-04
9.06968e+03 1.37248e-04
9.07159e+03 1.37821e-04
9.07349e+03 1.38479e-04
9.07539e+03 1.39311e-04
9.07729e+03 1.40355e-04
9.07919e+03 1.41309e-04
9.08109e+03 1.41716e-04
9.08299e+03 1.42184e-04
9.08489e+03 1.42941e-04
9.08679e+03 1.43670e-04
9.08869e+03 1.44803e-04
9.09060e+03 1.46287e-04
9.09250e+03 1.47213e-04
9.09440e+03 1.47661e-04
9.09630e+03 1.48331e-04
9.09820e+03 1.48661e-04
9.10010e+03 1.48091e-04
9.10200e+03 1.47436e-04
9.10390e+03 1.47919e-04
9.10580e+03 1.49180e-04
9.10770e+03 1.50151e-04
9.10960e+03 1.50711e-04
9.11151e+03 1.51052e-04
9.11341e+03 1.51227e-04
9.11531e+03 1.51677e-04
9.11721e+03 1.52364e-04
9.11911e+03 1.53246e-04
9.12101e+03 1.53483e-04
9.12291e+03 1.52550e-04
9.12481e+03 1.50886e-04
9.12671e+03 1.49648e-04
9.12861e+03 1.49929e-04
9.13052e+03 1.51277e-04
9.13242e+03 1.52938e-04
9.13432e+03 1.54840e-04
9.13622e+03 1.55910e-04
9.13812e+03 1.56452e-04
9.14002e+03 1.56932e-04
9.14192e+03 1.57149e-04
9.14382e+03 1.56840e-04
9.14572e+03 1.55937e-04
9.14762e+03 1.54645e-04
9.14952e+03 1.53296e-04
9.15143e+03 1.53694e-04
9.15333e+03 1.56364e-04
9.15523e+03 1.58520e-04
9.15713e+03 1.59380e-04
9.15903e+03 1.60236e-04
9.16093e+03 1.61207e-04
9.16283e+03 1.61616e-04
9.16473e+03 1.61426e-04
9.16663e+03 1.60963e-04
9.16853e+03 1.60529e-04
9.17044e+03 1.60123e-04
9.17234e+03 1.60730e-04
9.17424e+03 1.61869e-04
9.17614e+03 1.63105e-04
9.17804e+03 1.63604e-04
9.17994e+03 1.63557e-04
9.18184e+03 1.64086e-04
9.18374e+03 1.65273e-04
9.18564e+03 1.65966e-04
9.18754e+03 1.65490e-04
9.18944e+03 1.64613e-04
9.19135e+03 1.64669e-04
9.19325e+03 1.65889e-04
9.19515e+03 1.67678e-04
9.19705e+03 1.69562e-04
9.19895e+03 1.70748e-04
9.20085e+03 1.70894e-04
9.20275e+03 1.70289e-04
9.20465e+03 1.69467e-04
9.20655e+03 1.68556e-04
9.20845e+03 1.67971e-04
9.21036e+03 1.67740e-04
9.21226e+03 1.67848e-04
9.21416e+03 1.68608e-04
9.21606e+03 1.69339e-04
9.21796e+03 1.69285e-04
9.21986e+03 1.68590e-04
9.22176e+03 1.68150e-04
9.22366e+03 1.67903e-04
9.22556e+03 1.67276e-04
9.22746e+03 1.66089e-04
9.22936e+03 1.64860e-04
9.23127e+03 1.64145e-04
9.23317e+03 1.63732e-04
9.23507e+03 1.63368e-04
9.23697e+03 1.62778e-04
9.23887e+03 1.62141e-04
9.24077e+03 1.61323e-04
9.24267e+03 1.60293e-04
9.24457e+03 1.59312e-04
9.24647e+03 1.58585e-04
9.24837e+03 1.58138e-04
9.25027e+03 1.57587e-04
9.25218e+03 1.56678e-04
9.25408e+03 1.55310e-04
9.25598e+03 1.53764e-04
9.25788e+03 1.52410e-04
9.25978e+03 1.51015e-04
9.26168e+03 1.49395e-04
9.26358e+03 1.47364e-04
9.26548e+03 1.44796e-04
9.26738e+03 1.41019e-04
9.26928e+03 1.35732e-04
9.27119e+03 1.27807e-04
9.27309e+03 1.16840e-04
9.27499e+03 1.09189e-04
9.27689e+03 1.06603e-04
9.27879e+03 1.06492e-04
9.28069e+03 1.04557e-04
9.28259e+03 1.04270e-04
9.28449e+03 1.04667e-04
9.28639e+03 1.04281e-04
9.28829e+03 1.06286e-04
9.29020e+03 1.08310e-04
9.29210e+03 1.08913e-04
9.29400e+03 1.08541e-04
9.29590e+03 1.05999e-04
9.29780e+03 1.06204e-04
9.29970e+03 1.09684e-04
9.30160e+03 1.11697e-04
9.30350e+03 1.10864e-04
9.30540e+03 1.14055e-04
9.30730e+03 1.18207e-04
9.30920e+03 1.17744e-04
9.31111e+03 1.13239e-04
9.31301e+03 1.08619e-04
9.31491e+03 1.05578e-04
9.31681e+03 1.01316e-04
9.31871e+03 9.72942e-05
9.32061e+03 9.74922e-05
9.32251e+03 1.03308e-04
9.32441e+03 1.09386e-04
9.32631e+03 1.13379e-04
9.32821e+03 1.11688e-04
9.33011e+03 1.06226e-04
9.33202e+03 1.02566e-04
9.33392e+03 1.00858e-04
9.33582e+03 1.02737e-04
9.33772e+03 1.02586e-04
9.33962e+03 1.01797e-04
9.34152e+03 1.06687e-04
9.34342e+03 1.13231e-04
9.34532e+03 1.16806e-04
9.34722e+03 1.17315e-04
9.34912e+03 1.15800e-04
9.35103e+03 1.14130e-04
9.35293e+03 1.13259e-04
9.35483e+03 1.15356e-04
9.35673e+03 1.20668e-04
9.35863e+03 1.25167e-04
9.36053e+03 1.27154e-04
9.36243e+03 1.26282e-04
9.36433e+03 1.24422e-04
9.36623e+03 1.23886e-04
9.36813e+03 1.25444e-04
9.37003e+03 1.26719e-04
9.37194e+03 1.26711e-04
9.37384e+03 1.26113e-04
9.37574e+03 1.26570e-04
9.37764e+03 1.28249e-04
9.37954e+03 1.30766e-04
9.38144e+03 1.34300e-04
9.38334e+03 1.38019e-04
9.38524e+03 1.41449e-04
9.38714e+03 1.43703e-04
9.38904e+03 1.45797e-04
9.39095e+03 1.47952e-04
9.39285e+03 1.49320e-04
9.39475e+03 1.51464e-04
9.39665e+03 1.52252e-04
9.39855e+03 1.53020e-04
9.40045e+03 1.53953e-04
9.40235e+03 1.53502e-04
9.40425e+03 1.54085e-04
9.40615e+03 1.53756e-04
9.40805e+03 1.53749e-04
9.40996e+03 1.53728e-04
9.41186e+03 1.53467e-04
9.41376e+03 1.53516e-04
9.41566e+03 1.54340e-04
9.41756e+03 1.54965e-04
9.41946e+03 1.54636e-04
9.42136e+03 1.52709e-04
9.42326e+03 1.49941e-04
9.42516e+03 1.49095e-04
9.42706e+03 1.52003e-04
9.42896e+03 1.55905e-04
9.43087e+03 1.57262e-04
9.43277e+03 1.55409e-04
9.43467e+03 1.52100e-04
9.43657e+03 1.52895e-04
9.43847e+03 1.57136e-04
9.44037e+03 1.59807e-04
9.44227e+03 1.60860e-04
9.44417e+03 1.61213e-04
9.44607e+03 1.61428e-04
9.44797e+03 1.61776e-04
9.44987e+03 1.61425e-04
9.45178e+03 1.61167e-04
9.45368e+03 1.61323e-04
9.45558e+03 1.61827e-04
9.45748e+03 1.62357e-04
9.45938e+03 1.62547e-04
9.46128e+03 1.62355e-04
9.46318e+03 1.61684e-04
9.46508e+03 1.60889e-04
9.46698e+03 1.60063e-04
9.46888e+03 1.58396e-04
9.47079e+03 1.54598e-04
9.47269e+03 1.50361e-04
9.47459e+03 1.52412e-04
9.47649e+03 1.55543e-04
9.47839e+03 1.59296e-04
9.48029e+03 1.61586e-04
9.48219e+03 1.63213e-04
9.48409e+03 1.64213e-04
9.48599e+03 1.64225e-04
9.48789e+03 1.63247e-04
9.48979e+03 1.61701e-04
9.49170e+03 1.59612e-04
9.49360e+03 1.56858e-04
9.49550e+03 1.55987e-04
9.49740e+03 1.57058e-04
9.49930e+03 1.60952e-04
9.50120e+03 1.66461e-04
9.50310e+03 1.69790e-04
9.50500e+03 1.71539e-04
9.50690e+03 1.71773e-04
9.50880e+03 1.70706e-04
9.51071e+03 1.68486e-04
9.51261e+03 1.67768e-04
9.51451e+03 1.70807e-04
9.51641e+03 1.75260e-04
9.51831e+03 1.77630e-04
9.52021e+03 1.78941e-04
9.52211e+03 1.78446e-04
9.52401e+03 1.78171e-04
9.52591e+03 1.78205e-04
9.52781e+03 1.79328e-04
9.52971e+03 1.80819e-04
9.53162e+03 1.82209e-04
9.53352e+03 1.82861e-04
9.53542e+03 1.82412e-04
9.53732e+03 1.81179e-04
9.53922e+03 1.80376e-04
9.54112e+03 1.80417e-04
9.54302e+03 1.81290e-04
9.54492e+03 1.81997e-04
9.54682e+03 1.81597e-04
9.54872e+03 1.80672e-04
9.55063e+03 1.79988e-04
9.55253e+03 1.80642e-04
9.55443e+03 1.81969e-04
9.55633e+03 1.82673e-04
9.55823e+03 1.82455e-04
9.56013e+03 1.82069e-04
9.56203e+03 1.83003e-04
9.56393e+03 1.85173e-04
9.56583e+03 1.87888e-04
9.56773e+03 1.89950e-04
9.56963e+03 1.91493e-04
9.57154e+03 1.92070e-04
9.57344e+03 1.91884e-04
9.57534e+03 1.91332e-04
9.57724e+03 1.91304e-04
9.57914e+03 1.91543e-04
9.58104e+03 1.91178e-04
9.58294e+03 1.89690e-04
9.58484e+03 1.88168e-04
9.58674e+03 1.88039e-04
9.58864e+03 1.89571e-04
9.59055e+03 1.91346e-04
9.59245e+03 1.93865e-04
9.59435e+03 1.97003e-04
9.59625e+03 1.99561e-04
9.59815e+03 2.01242e-04
9.60005e+03 2.01687e-04
9.60195e+03 2.01257e-04
9.60385e+03 2.00259e-04
9.60575e+03 1.99815e-04
9.60765e+03 1.99632e-04
9.60955e+03 1.98948e-04
9.61146e+03 1.98296e-04
9.61336e+03 1.99963e-04
9.61526e+03 2.02715e-04
9.61716e+03 2.04968e-04
9.61906e+03 2.06504e-04
9.62096e+03 2.08334e-04
9.62286e+03 2.10854e-04
9.62476e+03 2.13138e-04
9.62666e+03 2.14525e-04
9.62856e+03 2.14522e-04
9.63046e+03 2.13213e-04
9.63237e+03 2.11054e-04
9.63427e+03 2.09809e-04
9.63617e+03 2.10440e-04
9.63807e+03 2.12737e-04
9.63997e+03 2.15675e-04
9.64187e+03 2.18941e-04
9.64377e+03 2.22441e-04
9.64567e+03 2.24939e-04
9.64757e+03 2.26283e-04
9.64947e+03 2.28041e-04
9.65138e+03 2.31443e-04
9.65328e+03 2.35011e-04
9.65518e+03 2.37387e-04
9.65708e+03 2.37709e-04
9.65898e+03 2.36340e-04
9.66088e+03 2.34520e-04
9.66278e+03 2.34648e-04
9.66468e+03 2.37460e-04
9.66658e+03 2.41966e-04
9.66848e+03 2.46991e-04
9.67039e+03 2.50931e-04
9.67229e+03 2.52902e-04
9.67419e+03 2.53210e-04
9.67609e+03 2.52512e-04
9.67799e+03 2.53386e-04
9.67989e+03 2.54698e-04
9.68179e+03 2.55113e-04
9.68369e+03 2.54517e-04
9.68559e+03 2.54201e-04
9.68749e+03 2.53653e-04
9.68939e+03 2.54069e-04
9.69130e+03 2.57226e-04
9.69320e+03 2.62655e-04
9.69510e+03 2.69369e-04
9.69700e+03 2.75587e-04
9.69890e+03 2.79517e-04
9.70080e+03 2.81233e-04
9.70270e+03 2.81275e-04
9.70460e+03 2.81672e-04
9.70650e+03 2.81725e-04
9.70840e+03 2.81087e-04
9.71031e+03 2.80022e-04
9.71221e+03 2.79728e-04
9.71411e+03 2.79982e-04
9.71601e+03 2.80059e-04
9.71791e+03 2.78956e-04
9.71981e+03 2.79654e-04
9.72171e+03 2.81626e-04
9.72361e+03 2.84988e-04
9.72551e+03 2.89930e-04
9.72741e+03 2.93587e-04
9.72931e+03 2.96130e-04
9.73122e+03 2.97759e-04
9.73312e+03 2.98475e-04
9.73502e+03 2.99285e-04
9.73692e+03 3.01123e-04
9.73882e+03 3.02931e-04
9.74072e+03 3.04735e-04
9.74262e+03 3.06292e-04
9.74452e+03 3.07333e-04
9.74642e+03 3.07696e-04
9.74832e+03 3.08185e-04
9.75022e+03 3.09240e-04
9.75213e+03 3.10805e-04
9.75403e+03 3.12226e-04
9.75593e+03 3.13087e-04
9.75783e+03 3.14809e-04
9.75973e+03 3.17921e-04
9.76163e+03 3.20931e-04
9.76353e+03 3.23239e-04
9.76543e+03 3.24734e-04
9.76733e+03 3.25481e-04
9.76923e+03 3.25969e-04
9.77114e+03 3.26440e-04
9.77304e+03 3.25992e-04
9.77494e+03 3.24043e-04
9.77684e+03 3.22520e-04
9.77874e+03 3.22983e-04
9.78064e+03 3.24031e-04
9.78254e+03 3.26131e-04
9.78444e+03 3.30176e-04
9.78634e+03 3.32155e-04
9.78824e+03 3.30970e-04
9.79015e+03 3.30988e-04
9.79205e+03 3.33731e-04
9.79395e+03 3.37444e-04
9.79585e+03 3.40885e-04
9.79775e+03 3.43340e-04
9.79965e+03 3.45128e-04
9.80155e+03 3.47026e-04
9.80345e+03 3.48721e-04
9.80535e+03 3.49115e-04
9.80725e+03 3.48224e-04
9.80915e+03 3.47082e-04
9.81106e+03 3.46914e-04
9.81296e+03 3.47573e-04
9.81486e+03 3.48655e-04
9.81676e+03 3.49542e-04
9.81866e+03 3.49645e-04
9.82056e+03 3.49564e-04
9.82246e+03 3.50263e-04
9.82436e+03 3.50990e-04
9.82626e+03 3.51145e-04
9.82816e+03 3.51657e-04
9.83006e+03 3.52598e-04
9.83197e+03 3.53436e-04
9.83387e+03 3.54692e-04
9.83577e+03 3.55868e-04
9.83767e+03 3.56237e-04
9.83957e+03 3.56387e-04
9.84147e+03 3.57041e-04
9.84337e+03 3.57843e-04
9.84527e+03 3.58916e-04
9.84717e+03 3.60514e-04
9.84907e+03 3.62530e-04
9.85098e+03 3.64406e-04
9.85288e+03 3.65528e-04
9.85478e+03 3.66189e-04
9.85668e+03 3.66690e-04
9.85858e+03 3.67301e-04
9.86048e+03 3.67886e-04
9.86238e+03 3.68360e-04
9.86428e+03 3.68752e-04
9.86618e+03 3.69127e-04
9.86808e+03 3.69768e-04
9.86998e+03 3.70493e-04
9.87189e+03 3.70825e-04
9.87379e+03 3.70959e-04
9.87569e+03 3.70628e-04
9.87759e+03 3.70456e-04
9.87949e+03 3.70488e-04
9.88139e+03 3.71132e-04
9.88329e+03 3.72192e-04
9.88519e+03 3.72933e-04
9.88709e+03 3.73269e-04
9.88899e+03 3.73420e-04
9.89090e+03 3.73733e-04
9.89280e+03 3.74104e-04
9.89470e+03 3.74248e-04
9.89660e+03 3.74134e-04
9.89850e+03 3.74011e-04
9.90040e+03 3.74027e-04
9.90230e+03 3.74182e-04
9.90420e+03 3.73825e-04
9.90610e+03 3.73723e-04
9.90800e+03 3.74555e-04
9.90990e+03 3.75399e-04
9.91181e+03 3.76159e-04
9.91371e+03 3.77045e-04
9.91561e+03 3.78312e-04
9.91751e+03 3.79413e-04
9.91941e+03 3.79850e-04
9.92131e+03 3.79831e-04
9.92321e+03 3.79929e-04
9.92511e+03 3.79906e-04
9.92701e+03 3.79689e-04
9.92891e+03 3.80572e-04
9.93082e+03 3.82040e-04
9.93272e+03 3.83038e-04
9.93462e+03 3.83260e-04
9.93652e+03 3.83201e-04
9.93842e+03 3.83625e-04
9.94032e+03 3.84426e-04
9.94222e+03 3.85044e-04
9.94412e+03 3.86560e-04
9.94602e+03 3.87287e-04
9.94792e+03 3.86227e-04
9.94982e+03 3.83930e-04
9.95173e+03 3.82986e-04
9.95363e+03 3.85280e-04
9.95553e+03 3.85293e-04
9.95743e+03 3.84629e-04
9.95933e+03 3.89903e-04
9.96123e+03 3.94569e-04
9.96313e+03 3.97286e-04
9.96503e+03 3.99724e-04
9.96693e+03 4.02547e-04
9.96883e+03 4.04962e-04
9.97074e+03 4.07307e-04
9.97264e+03 4.09497e-04
9.97454e+03 4.10981e-04
9.97644e+03 4.11491e-04
9.97834e+03 4.11477e-04
9.98024e+03 4.11773e-04
9.98214e+03 4.12887e-04
9.98404e+03 4.15286e-04
9.98594e+03 4.18157e-04
9.98784e+03 4.21171e-04
9.98975e+03 4.23454e-04
9.99165e+03 4.25068e-04
9.99355e+03 4.26713e-04
9.99545e+03 4.28541e-04
9.99735e+03 4.30717e-04
9.99925e+03 4.32669e-04
1.00012e+04 4.34183e-04
1.00031e+04 4.35365e-04
1.00050e+04 4.36308e-04
1.00069e+04 4.37342e-04
1.00088e+04 4.38827e-04
1.00107e+04 4.40417e-04
1.00126e+04 4.41671e-04
1.00145e+04 4.42721e-04
1.00164e+04 4.43803e-04
1.00183e+04 4.44968e-04
1.00202e+04 4.46165e-04
1.00221e+04 4.47307e-04
1.00240e+04 4.48325e-04
1.00259e+04 4.49155e-04
1.00278e+04 4.49771e-04
1.00297e+04 4.50328e-04
1.00316e+04 4.51177e-04
1.00335e+04 4.52301e-04
1.00354e+04 4.53493e-04
1.00373e+04 4.54554e-04
1.00392e+04 4.55472e-04
1.00411e+04 4.56185e-04
1.00430e+04 4.57106e-04
1.00449e+04 4.58087e-04
1.00468e+04 4.58857e-04
1.00487e+04 4.59585e-04
1.00506e+04 4.60663e-04
1.00525e+04 4.61236e-04
1.00544e+04 4.61368e-04
1.00563e+04 4.62480e-04
1.00582e+04 4.64723e-04
1.00601e+04 4.67711e-04
1.00620e+04 4.70166e-04
1.00639e+04 4.72328e-04
1.00658e+04 4.74149e-04
1.00677e+04 4.75626e-04
1.00696e+04 4.76931e-04
1.00715e+04 4.78318e-04
1.00734e+04 4.79913e-04
1.00753e+04 4.81454e-04
1.00772e+04 4.82733e-04
1.00791e+04 4.83879e-04
1.00810e+04 4.84971e-04
1.00829e+04 4.86115e-04
1.00848e+04 4.87196e-04
1.00867e+04 4.88212e-04
1.00886e+04 4.88274e-04
1.00905e+04 4.70991e-04
1.00924e+04 4.47440e-04
1.00943e+04 4.23768e-04
1.00962e+04 4.00168e-04
1.00981e+04 3.76500e-04
1.01668e+04 5.67243e-04
1.02060e+04 5.93077e-04
1.02452e+04 6.17117e-04
1.02846e+04 6.51213e-04
1.03241e+04 6.92524e-04
1.03638e+04 7.31428e-04
1.04035e+04 7.68221e-04
1.04434e+04 8.05700e-04
1.04834e+04 8.39222e-04
1.05235e+04 8.68851e-04
1.05637e+04 8.96161e-04
1.06040e+04 9.20141e-04
1.06444e+04 9.47519e-04
1.06850e+04 9.80823e-04
1.07256e+04 1.01020e-03
1.07663e+04 1.03007e-03
1.08071e+04 1.04010e-03
1.08481e+04 1.03207e-03
1.08891e+04 9.85108e-04
1.09302e+04 8.87091e-04
1.09714e+04 7.57748e-04
1.10127e+04 6.26710e-04
1.10541e+04 5.11591e-04
1.10955e+04 4.19214e-04
1.11371e+04 3.47657e-04
1.11787e+04 2.97695e-04
1.12204e+04 2.72176e-04
1.12622e+04 2.64163e-04
1.13040e+04 2.61984e-04
1.13459e+04 2.58648e-04
1.13879e+04 2.51765e-04
1.14300e+04 2.45938e-04
1.14721e+04 2.43826e-04
1.15143e+04 2.40480e-04
1.15565e+04 2.37092e-04
1.15988e+04 2.35243e-04
1.16412e+04 2.34488e-04
1.16836e+04 2.42104e-04
1.17260e+04 2.63988e-04
1.17686e+04 2.99622e-04
1.18111e+04 3.49708e-04
1.18537e+04 4.11100e-04
1.18964e+04 4.76534e-04
1.19391e+04 5.42990e-04
1.19818e+04 6.09125e-04
1.20246e+04 6.73889e-04
1.20674e+04 7.40423e-04
1.21103e+04 8.11404e-04
1.21532e+04 8.85607e-04
1.21961e+04 9.59215e-04
1.22390e+04 1.02677e-03
1.22820e+04 1.08532e-03
1.23250e+04 1.13447e-03
1.23680e+04 1.17466e-03
1.24111e+04 1.21227e-03
1.24541e+04 1.25636e-03
1.24972e+04 1.31086e-03
1.25403e+04 1.37793e-03
1.25834e+04 1.45506e-03
1.26266e+04 1.52424e-03
1.26697e+04 1.56437e-03
1.27129e+04 1.57416e-03
1.27560e+04 1.55928e-03
1.27992e+04 1.51971e-03
1.28424e+04 1.46552e-03
1.28856e+04 1.41108e-03
1.29287e+04 1.35980e-03
1.29719e+04 1.30639e-03
1.30151e+04 1.24869e-03
1.30583e+04 1.18657e-03
1.31014e+04 1.11415e-03
1.31446e+04 1.02686e-03
1.31878e+04 9.18624e-04
1.32309e+04 7.76847e-04
1.32741e+04 5.97576e-04
1.33172e+04 4.04171e-04
1.33603e+04 2.38359e-04
1.34034e+04 1.27897e-04
1.34465e+04 7.17931e-05
1.34896e+04 5.19719e-05
1.35326e+04 5.02343e-05
1.35757e+04 5.02204e-05
1.36617e+04 4.41448e-05
1.37046e+04 4.42173e-05
1.37476e+04 6.02074e-05
1.37905e+04 7.35024e-05
1.38334e+04 6.25425e-05
1.38762e+04 3.95595e-05
1.39190e+04 2.60927e-05
1.39618e+04 2.34339e-05
1.40046e+04 2.44284e-05
1.40473e+04 2.75643e-05
1.40900e+04 3.08920e-05
1.41327e+04 2.88869e-05
1.41753e+04 2.52043e-05
1.42179e+04 2.57772e-05
1.42605e+04 2.80163e-05
1.43030e+04 3.15011e-05
1.43454e+04 3.88496e-05
1.43879e+04 4.74639e-05
1.44303e+04 5.55240e-05
1.44726e+04 6.52889e-05
1.45149e+04 7.52180e-05
1.45572e+04 8.33892e-05
1.45994e+04 9.14914e-05
1.46415e+04 9.88582e-05
1.46836e+04 1.03425e-04
1.47257e+04 1.07723e-04
1.47677e+04 1.15647e-04
1.48097e+04 1.24979e-04
1.48516e+04 1.33723e-04
1.48935e+04 1.46181e-04
1.49353e+04 1.62764e-04
1.49771e+04 1.78097e-04
1.50188e+04 1.91011e-04
1.50604e+04 2.07270e-04
1.51020e+04 2.30662e-04
1.51436e+04 2.58566e-04
1.51851e+04 2.88590e-04
1.52265e+04 3.20374e-04
1.52679e+04 3.54065e-04
1.53092e+04 3.88203e-04
1.53505e+04 4.20552e-04
1.53917e+04 4.52266e-04
1.54328e+04 4.84874e-04
1.54739e+04 5.17695e-04
1.55150e+04 5.50396e-04
1.55559e+04 5.82974e-04
1.55968e+04 6.13113e-04
1.56377e+04 6.40384e-04
1.56785e+04 6.66992e-04
1.57192e+04 6.91842e-04
1.57599e+04 7.12009e-04
1.58005e+04 7.21867e-04
1.58410e+04 7.16691e-04
1.58815e+04 7.00882e-04
1.59219e+04 6.78707e-04
1.59623e+04 6.44605e-04
1.60025e+04 5.92912e-04
1.60428e+04 5.25413e-04
1.60829e+04 4.50391e-04
1.61230e+04 3.77365e-04
1.61630e+04 3.13311e-04
1.62030e+04 2.63219e-04
1.62429e+04 2.27377e-04
1.62828e+04 2.04054e-04
1.63225e+04 1.92776e-04
1.63622e+04 1.91748e-04
1.64019e+04 1.98815e-04
1.64414e+04 2.11995e-04
1.64810e+04 2.26758e-04
1.65204e+04 2.37595e-04
1.65598e+04 2.40660e-04
1.65991e+04 2.31367e-04
1.66383e+04 2.06887e-04
1.66775e+04 1.76663e-04
1.67166e+04 1.56234e-04
1.67557e+04 1.53400e-04
1.67947e+04 1.66646e-04
1.68336e+04 1.87505e-04
1.68724e+04 2.01586e-04
1.69112e+04 1.99142e-04
1.69500e+04 1.84362e-04
1.69886e+04 1.67751e-04
1.70272e+04 1.56678e-04
1.70657e+04 1.53207e-04
1.71042e+04 1.56182e-04
1.71426e+04 1.64431e-04
1.71809e+04 1.75830e-04
1.72192e+04 1.83750e-04
1.72574e+04 1.83206e-04
1.72955e+04 1.75644e-04
1.73336e+04 1.64733e-04
1.73716e+04 1.54243e-04
1.74096e+04 1.46201e-04
1.74474e+04 1.40041e-04
1.74853e+04 1.33458e-04
1.75230e+04 1.26149e-04
1.75607e+04 1.21276e-04
1.75983e+04 1.18661e-04
1.76359e+04 1.12593e-04
1.76734e+04 1.01129e-04
1.77108e+04 9.05838e-05
1.77482e+04 8.54424e-05
1.77855e+04 8.38013e-05
1.78228e+04 8.12004e-05
1.78600e+04 7.48027e-05
1.78971e+04 6.60839e-05
1.79342e+04 5.97186e-05
1.79712e+04 5.89223e-05
1.80081e+04 5.94058e-05
1.80450e+04 5.58382e-05
1.80818e+04 5.45787e-05
1.81186e+04 5.97360e-05
1.81553e+04 6.41739e-05
1.81919e+04 6.71948e-05
1.82285e+04 7.46190e-05
1.82651e+04 8.59709e-05
1.83015e+04 9.47961e-05
1.83379e+04 9.02535e-05
1.83743e+04 7.49695e-05
1.84106e+04 6.50048e-05
1.84468e+04 6.44843e-05
1.84830e+04 6.89103e-05
1.85191e+04 7.13939e-05
1.85552e+04 6.21976e-05
1.85912e+04 4.58930e-05
1.86272e+04 4.15681e-05
1.86631e+04 5.76717e-05
1.86989e+04 7.56881e-05
1.87347e+04 7.72888e-05
1.87705e+04 7.32709e-05
1.88061e+04 7.56554e-05
1.88418e+04 7.69940e-05
1.88773e+04 7.92538e-05
1.89129e+04 9.19799e-05
1.89483e+04 1.08687e-04
1.89837e+04 1.18371e-04
1.90191e+04 1.19073e-04
1.90544e+04 1.12080e-04
1.90896e+04 9.99417e-05
1.91248e+04 9.12727e-05
1.91600e+04 9.29255e-05
1.91951e+04 9.64935e-05
1.92301e+04 9.03669e-05
1.92651e+04 7.65706e-05
1.93001e+04 6.19899e-05
1.93350e+04 5.13094e-05
1.93698e+04 4.83756e-05
1.94046e+04 5.01538e-05
1.94394e+04 5.10102e-05
1.94741e+04 5.12189e-05
1.95087e+04 5.21149e-05
1.95433e+04 5.19896e-05
1.95778e+04 5.07651e-05
1.96123e+04 5.13792e-05
1.96468e+04 5.62267e-05
1.96812e+04 6.52702e-05
1.97155e+04 7.58835e-05
1.97498e+04 8.32870e-05
1.97841e+04 8.65005e-05
1.98183e+04 8.77473e-05
1.98525e+04 8.95137e-05
1.98866e+04 9.25935e-05
1.99206e+04 9.66839e-05
1.99547e+04 1.02944e-04
1.99886e+04 1.10242e-04
2.00226e+04 1.14244e-04
2.00564e+04 1.13381e-04
2.00903e+04 1.13836e-04
2.01241e+04 1.19621e-04
2.01578e+04 1.26680e-04
2.01915e+04 1.33842e-04
2.02251e+04 1.41385e-04
2.02587e+04 1.47559e-04
2.02923e+04 1.53898e-04
2.03258e+04 1.63017e-04
2.03593e+04 1.71803e-04
2.03927e+04 1.76370e-04
2.04261e+04 1.80360e-04
2.04594e+04 1.87500e-04
2.04927e+04 1.94753e-04
2.05259e+04 1.97760e-04
2.05591e+04 1.97724e-04
2.05922e+04 2.01289e-04
2.06253e+04 2.07826e-04
2.06584e+04 2.10810e-04
2.06914e+04 2.09014e-04
2.07244e+04 2.06746e-04
2.07573e+04 2.07923e-04
2.07902e+04 2.12475e-04
2.08230e+04 2.17038e-04
2.08558e+04 2.18941e-04
2.08885e+04 2.18035e-04
2.09212e+04 2.15267e-04
2.09539e+04 2.12174e-04
2.09865e+04 2.08647e-04
2.10190e+04 2.05288e-04
2.10516e+04 2.02900e-04
2.10840e+04 2.00656e-04
2.11164e+04 1.98891e-04
2.11488e+04 1.96927e-04
2.11812e+04 1.92812e-04
2.12134e+04 1.87783e-04
2.12457e+04 1.83611e-04
2.12779e+04 1.79123e-04
2.13100e+04 1.75001e-04
2.13421e+04 1.73277e-04
2.13742e+04 1.72238e-04
2.14062e+04 1.69013e-04
2.14382e+04 1.64710e-04
2.14701e+04 1.61154e-04
2.15019e+04 1.55589e-04
2.15338e+04 1.47206e-04
2.15655e+04 1.39578e-04
2.15973e+04 1.33113e-04
2.16289e+04 1.27899e-04
2.16606e+04 1.25338e-04
2.16922e+04 1.22441e-04
2.17237e+04 1.16909e-04
2.17552e+04 1.11809e-04
2.17866e+04 1.08989e-04
2.18180e+04 1.05956e-04
2.18494e+04 9.95627e-05
2.18807e+04 8.95149e-05
2.19119e+04 7.85131e-05
2.19431e+04 6.70346e-05
2.19743e+04 5.37271e-05
2.20054e+04 4.02973e-05
2.20364e+04 3.17116e-05
2.20674e+04 2.94886e-05
2.20984e+04 3.03902e-05
2.21293e+04 3.26835e-05
2.21602e+04 3.55632e-05
2.21910e+04 3.73719e-05
2.22217e+04 3.83053e-05
2.22524e+04 3.94784e-05
2.22831e+04 3.92777e-05
2.23137e+04 3.52843e-05
2.23442e+04 3.06533e-05
2.23747e+04 2.97030e-05
2.24052e+04 2.89726e-05
2.24356e+04 2.57759e-05
2.24659e+04 2.32874e-05
2.24962e+04 2.15237e-05
2.25265e+04 1.83020e-05
2.25567e+04 1.53440e-05
2.25868e+04 1.53578e-05
2.26169e+04 1.77900e-05
2.26470e+04 1.95323e-05
2.26769e+04 1.91234e-05
2.27069e+04 1.91840e-05
2.27368e+04 2.17852e-05
2.27666e+04 2.53140e-05
2.27964e+04 2.75895e-05
2.28261e+04 2.75532e-05
2.28558e+04 2.53077e-05
2.28854e+04 2.19187e-05
2.29150e+04 1.86907e-05
2.29445e+04 1.84262e-05
2.29740e+04 2.03353e-05
2.30034e+04 2.04887e-05
2.30327e+04 1.95503e-05
2.30621e+04 2.01521e-05
2.30913e+04 2.32259e-05
2.31205e+04 2.73771e-05
2.31497e+04 2.80665e-05
2.31788e+04 2.34885e-05
2.32079e+04 1.71158e-05
2.32369e+04 1.20047e-05
2.32658e+04 8.72408e-06
2.32947e+04 6.55185e-06
2.33236e+04 6.50059e-06
2.33524e+04 9.89532e-06
2.33812e+04 1.26784e-05
2.34099e+04 1.15065e-05
2.34385e+04 9.60567e-06
2.34671e+04 1.01537e-05
2.34957e+04 1.38008e-05
2.35242e+04 1.83940e-05
2.35527e+04 1.94427e-05
2.35811e+04 1.63660e-05
2.36095e+04 1.43220e-05
2.36378e+04 1.67594e-05
2.36661e+04 1.90661e-05
2.36944e+04 1.71897e-05
2.37226e+04 1.62638e-05
2.37789e+04 1.79403e-05
2.38069e+04 1.93773e-05
2.38350e+04 2.13927e-05
2.38630e+04 2.23420e-05
2.38909e+04 2.17673e-05
2.39189e+04 2.19518e-05
2.39467e+04 2.09359e-05
2.39746e+04 1.95825e-05
2.40024e+04 2.09298e-05
2.40302e+04 2.31088e-05
2.40580e+04 2.47106e-05
2.40857e+04 2.44741e-05
2.41134e+04 2.21836e-05
2.41410e+04 2.10357e-05
2.41687e+04 2.18175e-05
2.41963e+04 2.36304e-05
2.42239e+04 2.54362e-05
2.42514e+04 2.62734e-05
2.42790e+04 2.59318e-05
2.43065e+04 2.30233e-05
2.43340e+04 1.87962e-05
2.43615e+04 2.18913e-05
2.43890e+04 3.40238e-05
2.44165e+04 4.57905e-05
2.44439e+04 5.11466e-05
2.44714e+04 4.95297e-05
2.44988e+04 4.43080e-05
2.45262e+04 3.95353e-05
2.45537e+04 3.54370e-05
2.45811e+04 3.07043e-05
2.46086e+04 2.63056e-05
2.46360e+04 2.66672e-05
2.46635e+04 3.19221e-05
2.46909e+04 3.85112e-05
2.47184e+04 4.51496e-05
2.47459e+04 4.75528e-05
2.47734e+04 4.49131e-05
3.35260e+04 2.95300e-05
3.50751e+04 5.19551e-05
3.75400e+04 7.78169e-05
4.43658e+04 6.45124e-05
4.60280e+04 5.68717e-05
5.24749e+04 3.60446e-05
5.27773e+04 3.54334e-05
5.30797e+04 3.46976e-05
5.33821e+04 3.41425e-05
5.36846e+04 3.24665e-05
5.39870e+04 2.95810e-05
5.42894e+04 2.67759e-05
5.45918e+04 2.55163e-05
5.48942e+04 2.56770e-05
