#  wave flux
#  2MASS_J11145133-2618235.txt - T7.5
1.00000e-01 0.00000e+00
7.62500e+03 6.87741e-07
8.04585e+03 1.47076e-06
8.07405e+03 9.96250e-06
8.10244e+03 2.33975e-05
8.13103e+03 1.97293e-05
8.15981e+03 2.50406e-05
8.18879e+03 2.55367e-05
8.21797e+03 1.80525e-05
8.36680e+03 7.29315e-06
8.42772e+03 6.31151e-06
8.58343e+03 1.10997e-05
8.64709e+03 1.14228e-05
8.67920e+03 9.05867e-06
8.71151e+03 2.86989e-06
8.74401e+03 2.61215e-05
8.77671e+03 1.15600e-06
8.80959e+03 9.91624e-06
8.84266e+03 1.69439e-05
8.87592e+03 8.65451e-06
8.90936e+03 1.66082e-05
8.94300e+03 1.28194e-05
8.97681e+03 1.01575e-05
9.01082e+03 7.09817e-06
9.04500e+03 6.80272e-06
9.07937e+03 1.94706e-05
9.11391e+03 2.66848e-05
9.14864e+03 1.82499e-05
9.18354e+03 2.12026e-05
9.21862e+03 1.12380e-05
9.25387e+03 1.74180e-05
9.28930e+03 1.16093e-05
9.32490e+03 2.59310e-05
9.36066e+03 9.94532e-07
9.39660e+03 2.44568e-06
9.43271e+03 2.52738e-05
9.46898e+03 2.38012e-05
9.50541e+03 2.70974e-06
9.54200e+03 1.28062e-05
9.57876e+03 1.06884e-05
9.61568e+03 3.06679e-05
9.65275e+03 1.58168e-05
9.68997e+03 2.83258e-05
9.72735e+03 4.32626e-05
9.76489e+03 4.87106e-05
9.80257e+03 5.78104e-05
9.84040e+03 5.59611e-05
9.87837e+03 6.58938e-05
9.91649e+03 5.15021e-05
9.95475e+03 7.58405e-05
9.99316e+03 9.24963e-05
1.00317e+04 1.00144e-04
1.00704e+04 1.21652e-04
1.01092e+04 1.25933e-04
1.01481e+04 1.29002e-04
1.01872e+04 1.49277e-04
1.02264e+04 1.60240e-04
1.02657e+04 1.67675e-04
1.03052e+04 1.66959e-04
1.03448e+04 1.67902e-04
1.03845e+04 1.94078e-04
1.04243e+04 2.15567e-04
1.04642e+04 2.19644e-04
1.05042e+04 2.22941e-04
1.05444e+04 2.20468e-04
1.05847e+04 2.28809e-04
1.06250e+04 2.30066e-04
1.06655e+04 2.27419e-04
1.07061e+04 2.35184e-04
1.07468e+04 2.29489e-04
1.07876e+04 2.35269e-04
1.08284e+04 2.27835e-04
1.08694e+04 2.24694e-04
1.09105e+04 1.62282e-04
1.09516e+04 1.42925e-04
1.09929e+04 8.16267e-05
1.10342e+04 6.37999e-05
1.10756e+04 2.23072e-05
1.11171e+04 2.70906e-05
1.11587e+04 2.19261e-05
1.12004e+04 4.80794e-06
1.12421e+04 1.61242e-05
1.12839e+04 7.82846e-06
1.13258e+04 2.04830e-05
1.13678e+04 1.85451e-05
1.14098e+04 1.91274e-05
1.14519e+04 6.25428e-06
1.14940e+04 1.41076e-05
1.15362e+04 1.17339e-05
1.15785e+04 1.44131e-05
1.16208e+04 1.69210e-05
1.16632e+04 1.15437e-05
1.17057e+04 1.53170e-05
1.17482e+04 2.52746e-05
1.17907e+04 3.81769e-05
1.18333e+04 3.43208e-05
1.18759e+04 5.87572e-05
1.19186e+04 6.97001e-05
1.19613e+04 6.51801e-05
1.20041e+04 1.07749e-04
1.20469e+04 1.07836e-04
1.20897e+04 1.26303e-04
1.21326e+04 1.48835e-04
1.21755e+04 1.66043e-04
1.22184e+04 1.82877e-04
1.22614e+04 2.11032e-04
1.23044e+04 2.29881e-04
1.23474e+04 2.45501e-04
1.23904e+04 2.61395e-04
1.24335e+04 2.69100e-04
1.24766e+04 3.08041e-04
1.25197e+04 3.23694e-04
1.25628e+04 3.39244e-04
1.26059e+04 3.53851e-04
1.26490e+04 3.64085e-04
1.26922e+04 3.59966e-04
1.27353e+04 3.62199e-04
1.27785e+04 3.31332e-04
1.28217e+04 3.06819e-04
1.28649e+04 2.82706e-04
1.29080e+04 2.58540e-04
1.29512e+04 2.38346e-04
1.29944e+04 2.24086e-04
1.30376e+04 2.08290e-04
1.30808e+04 1.75385e-04
1.31239e+04 1.52224e-04
1.31671e+04 1.44274e-04
1.32102e+04 1.09282e-04
1.32534e+04 8.97405e-05
1.32965e+04 5.25182e-05
1.33396e+04 2.53898e-05
1.33828e+04 8.91971e-06
1.34258e+04 1.79833e-06
1.34689e+04 5.90783e-06
1.35120e+04 7.48099e-06
1.37270e+04 1.43903e-05
1.37699e+04 3.57901e-05
1.38128e+04 3.94435e-05
1.38557e+04 4.08639e-05
1.39413e+04 3.72429e-06
1.39841e+04 1.55772e-05
1.40696e+04 3.29796e-05
1.41122e+04 1.89467e-05
1.43675e+04 1.74965e-06
1.44523e+04 4.32089e-07
1.44946e+04 2.22145e-05
1.45791e+04 6.57442e-06
1.46213e+04 1.77215e-05
1.46635e+04 1.23692e-05
1.47056e+04 1.39838e-05
1.47896e+04 1.45047e-05
1.48315e+04 2.59041e-05
1.48734e+04 8.31578e-06
1.49153e+04 3.64147e-05
1.49571e+04 2.72303e-05
1.49988e+04 3.50221e-05
1.50405e+04 2.62670e-05
1.50821e+04 4.17043e-05
1.51237e+04 1.62920e-05
1.51652e+04 5.12824e-05
1.52067e+04 4.72800e-05
1.52481e+04 6.05364e-05
1.52894e+04 6.40468e-05
1.53307e+04 7.86120e-05
1.53720e+04 7.69745e-05
1.54131e+04 1.07584e-04
1.54542e+04 1.12593e-04
1.54953e+04 1.29156e-04
1.55363e+04 1.40974e-04
1.55772e+04 1.55810e-04
1.56181e+04 1.41004e-04
1.56589e+04 1.52263e-04
1.56997e+04 1.69993e-04
1.57404e+04 1.71367e-04
1.57810e+04 1.88665e-04
1.58216e+04 1.99019e-04
1.58621e+04 1.92574e-04
1.59025e+04 1.67485e-04
1.59429e+04 1.49864e-04
1.59832e+04 1.57126e-04
1.60235e+04 1.36154e-04
1.60637e+04 1.12659e-04
1.61038e+04 7.50433e-05
1.61439e+04 5.65713e-05
1.61839e+04 4.42852e-05
1.62238e+04 3.63227e-05
1.62637e+04 2.55182e-05
1.63035e+04 2.46560e-05
1.63432e+04 2.23360e-05
1.63829e+04 2.06394e-05
1.64225e+04 1.96543e-05
1.64620e+04 2.63843e-05
1.65015e+04 3.57505e-05
1.65409e+04 3.35427e-05
1.65803e+04 3.91580e-05
1.66195e+04 4.04154e-05
1.66587e+04 1.23413e-05
1.66979e+04 2.42210e-05
1.67370e+04 1.97834e-05
1.67760e+04 1.41727e-05
1.68149e+04 3.50810e-05
1.68538e+04 2.64356e-05
1.68926e+04 2.81288e-05
1.69314e+04 3.61397e-05
1.69701e+04 2.16488e-05
1.70087e+04 1.99556e-05
1.70473e+04 5.47289e-06
1.70858e+04 1.55223e-05
1.71242e+04 2.26911e-05
1.71626e+04 1.92265e-05
1.72008e+04 2.85382e-05
1.72391e+04 2.94272e-05
1.72772e+04 3.23571e-05
1.73154e+04 1.27091e-05
1.73534e+04 2.91747e-05
1.73914e+04 2.79276e-05
1.74293e+04 1.64442e-05
1.74671e+04 9.44418e-06
1.75049e+04 2.00862e-05
1.75426e+04 1.50770e-05
1.75803e+04 2.24189e-05
1.76179e+04 2.19578e-05
1.76554e+04 1.59907e-05
1.76929e+04 1.57155e-05
1.77303e+04 4.25017e-06
1.77676e+04 1.51012e-05
1.78421e+04 6.06817e-06
1.78793e+04 1.85392e-05
1.79534e+04 3.58569e-06
1.80273e+04 6.88846e-06
1.81744e+04 1.12241e-05
1.82841e+04 2.37361e-05
1.83205e+04 1.12554e-05
1.83569e+04 7.64327e-05
1.83932e+04 5.43138e-05
1.84295e+04 4.72633e-05
1.84657e+04 2.77242e-05
1.86099e+04 3.25506e-05
1.86817e+04 2.24598e-05
1.87533e+04 6.61082e-05
1.89313e+04 3.37951e-05
1.89668e+04 2.35442e-05
1.90728e+04 6.86820e-05
1.91432e+04 4.80611e-06
1.91783e+04 1.50329e-05
1.92484e+04 2.38274e-05
1.92833e+04 2.33942e-05
1.93183e+04 8.41527e-06
1.93531e+04 5.33540e-06
1.94227e+04 6.98723e-06
1.94574e+04 9.79309e-06
1.95613e+04 2.08987e-05
1.95958e+04 2.69779e-05
1.96303e+04 1.04037e-05
1.96647e+04 8.17691e-06
1.96991e+04 1.16323e-05
1.97334e+04 1.21425e-05
1.97677e+04 7.53763e-06
1.98019e+04 1.32390e-05
1.98361e+04 1.03418e-05
1.98702e+04 1.64663e-05
1.99043e+04 1.51803e-05
1.99384e+04 1.49142e-05
1.99723e+04 2.37883e-05
2.00063e+04 1.91818e-05
2.00402e+04 4.40440e-05
2.00741e+04 2.61983e-05
2.01079e+04 1.73696e-05
2.01416e+04 1.46772e-05
2.01753e+04 1.26876e-05
2.02090e+04 1.61735e-05
2.02426e+04 2.35438e-05
2.02762e+04 1.15968e-05
2.03097e+04 1.23941e-05
2.03432e+04 1.09499e-05
2.03767e+04 1.98943e-05
2.04101e+04 2.94844e-05
2.04434e+04 1.85618e-05
2.04767e+04 1.91875e-05
2.05100e+04 2.77960e-05
2.05432e+04 2.23729e-05
2.05764e+04 2.32474e-05
2.06095e+04 4.92052e-06
2.06426e+04 3.10490e-05
2.06756e+04 2.92764e-05
2.07086e+04 2.44513e-05
2.07415e+04 2.31092e-05
2.07744e+04 2.87413e-05
2.08073e+04 2.62832e-05
2.08401e+04 2.55436e-05
2.08728e+04 3.47821e-05
2.09056e+04 2.64992e-05
2.09382e+04 2.17536e-05
2.09709e+04 2.43059e-05
2.10034e+04 2.20431e-05
2.10360e+04 2.24439e-05
2.10685e+04 2.30677e-05
2.11009e+04 1.99543e-05
2.11333e+04 1.95181e-05
2.11657e+04 1.75210e-05
2.11980e+04 2.69223e-05
2.12302e+04 2.15579e-05
2.12624e+04 2.41505e-05
2.12946e+04 2.03606e-05
2.13267e+04 2.26636e-05
2.13588e+04 2.37098e-05
2.13909e+04 1.58617e-05
2.14228e+04 1.72477e-05
2.14548e+04 1.66339e-05
2.14867e+04 1.87591e-05
2.15185e+04 1.35931e-05
2.15503e+04 1.97372e-05
2.15821e+04 1.96159e-05
2.16138e+04 1.34638e-05
2.16454e+04 1.04955e-05
2.16770e+04 1.20092e-05
2.17086e+04 1.19112e-05
2.17401e+04 1.25636e-05
2.17716e+04 2.25690e-05
2.18030e+04 1.69401e-05
2.19800e+04 1.00563e-05
3.35260e+04 6.05151e-06
3.50751e+04 1.74594e-05
3.75400e+04 2.04303e-05
4.43658e+04 3.63114e-05
4.60280e+04 3.18931e-05
5.21725e+04 1.29406e-05
5.24749e+04 1.36064e-05
5.27773e+04 1.33755e-05
5.30797e+04 4.97592e-06
5.33821e+04 1.04421e-05
5.36846e+04 1.14800e-05
5.39870e+04 5.55564e-06
5.42894e+04 8.47871e-06
5.45918e+04 7.27958e-06
5.48942e+04 8.97914e-06
