8.0000e+01 0.0000e+00
9.2069e+02 1.8520e-14
1.0315e+03 4.1352e-12
1.1556e+03 2.6636e-10
1.2947e+03 4.0384e-09
1.4505e+03 2.2454e-08
1.5011e+03 5.6867e-08
1.5026e+03 7.1872e-08
1.5041e+03 7.3328e-08
1.5056e+03 7.4683e-08
1.5071e+03 7.5991e-08
1.5086e+03 7.4666e-08
1.5101e+03 6.9793e-08
1.5117e+03 7.0222e-08
1.5132e+03 7.4801e-08
1.5147e+03 7.9503e-08
1.5162e+03 8.3168e-08
1.5177e+03 8.6185e-08
1.5192e+03 9.0880e-08
1.5208e+03 9.6792e-08
1.5223e+03 1.0125e-07
1.5238e+03 1.1020e-07
1.5253e+03 1.1412e-07
1.5268e+03 1.1762e-07
1.5284e+03 1.3178e-07
1.5299e+03 1.5948e-07
1.5314e+03 2.0133e-07
1.5330e+03 2.1851e-07
1.5345e+03 2.7488e-07
1.5360e+03 3.7051e-07
1.5376e+03 4.5810e-07
1.5391e+03 6.4211e-07
1.5407e+03 7.1425e-07
1.5422e+03 5.9642e-07
1.5437e+03 4.0569e-07
1.5453e+03 2.5066e-07
1.5468e+03 2.6877e-07
1.5484e+03 3.5013e-07
1.5499e+03 4.1214e-07
1.5515e+03 4.1795e-07
1.5530e+03 4.9329e-07
1.5546e+03 6.0316e-07
1.5561e+03 6.9325e-07
1.5577e+03 7.8048e-07
1.5592e+03 5.8900e-07
1.5608e+03 4.2003e-07
1.5624e+03 5.1341e-07
1.5639e+03 7.0088e-07
1.5655e+03 7.7925e-07
1.5671e+03 8.1777e-07
1.5686e+03 9.4379e-07
1.5702e+03 9.4542e-07
1.5718e+03 8.7539e-07
1.5733e+03 1.1059e-06
1.5749e+03 1.1551e-06
1.5765e+03 1.0250e-06
1.5781e+03 1.1872e-06
1.5797e+03 1.3361e-06
1.5812e+03 1.2101e-06
1.5828e+03 1.2286e-06
1.5844e+03 1.4642e-06
1.5860e+03 1.7674e-06
1.5876e+03 1.8672e-06
1.5892e+03 2.0084e-06
1.5908e+03 2.2220e-06
1.5923e+03 2.2173e-06
1.5939e+03 2.2132e-06
1.5955e+03 1.8834e-06
1.5971e+03 1.2755e-06
1.5987e+03 1.0620e-06
1.6003e+03 1.2544e-06
1.6019e+03 1.4822e-06
1.6035e+03 1.7913e-06
1.6051e+03 1.9875e-06
1.6067e+03 2.0211e-06
1.6083e+03 2.1594e-06
1.6100e+03 2.5048e-06
1.6116e+03 2.1723e-06
1.6132e+03 1.7968e-06
1.6148e+03 2.2148e-06
1.6164e+03 2.5169e-06
1.6180e+03 2.4374e-06
1.6196e+03 2.5821e-06
1.6213e+03 2.7770e-06
1.6229e+03 2.7689e-06
1.6245e+03 3.0152e-06
1.6261e+03 2.8279e-06
1.6278e+03 2.9671e-06
1.6294e+03 2.9126e-06
1.6310e+03 2.2971e-06
1.6327e+03 2.7041e-06
1.6343e+03 3.0957e-06
1.6359e+03 3.3886e-06
1.6376e+03 3.6662e-06
1.6392e+03 3.6391e-06
1.6408e+03 4.2534e-06
1.6425e+03 4.6938e-06
1.6441e+03 4.5929e-06
1.6458e+03 5.1770e-06
1.6474e+03 5.3159e-06
1.6491e+03 4.0333e-06
1.6507e+03 3.6841e-06
1.6524e+03 3.4628e-06
1.6540e+03 2.5837e-06
1.6557e+03 2.1741e-06
1.6573e+03 2.2217e-06
1.6590e+03 3.3602e-06
1.6606e+03 4.6498e-06
1.6623e+03 5.0794e-06
1.6640e+03 5.8960e-06
1.6656e+03 6.0271e-06
1.6673e+03 5.6126e-06
1.6690e+03 5.1717e-06
1.6706e+03 4.0951e-06
1.6723e+03 4.6945e-06
1.6740e+03 5.2136e-06
1.6757e+03 4.8426e-06
1.6773e+03 6.2176e-06
1.6790e+03 7.3711e-06
1.6807e+03 7.7001e-06
1.6824e+03 8.0152e-06
1.6840e+03 9.1438e-06
1.6857e+03 1.0752e-05
1.6874e+03 1.1416e-05
1.6891e+03 1.4240e-05
1.6908e+03 1.8192e-05
1.6925e+03 1.9256e-05
1.6942e+03 2.1750e-05
1.6959e+03 2.0482e-05
1.6976e+03 2.1520e-05
1.6993e+03 2.6490e-05
1.7010e+03 3.1150e-05
1.7027e+03 3.3679e-05
1.7044e+03 3.1701e-05
1.7061e+03 3.4319e-05
1.7078e+03 3.6873e-05
1.7095e+03 3.3819e-05
1.7112e+03 3.1341e-05
1.7129e+03 1.5317e-05
1.7146e+03 1.7737e-05
1.7164e+03 4.1390e-05
1.7181e+03 4.7955e-05
1.7198e+03 4.4130e-05
1.7215e+03 5.7494e-05
1.7232e+03 5.3910e-05
1.7250e+03 4.0486e-05
1.7267e+03 5.2538e-05
1.7284e+03 5.8790e-05
1.7301e+03 3.9819e-05
1.7319e+03 4.2207e-05
1.7336e+03 4.2193e-05
1.7353e+03 5.4382e-05
1.7371e+03 6.8839e-05
1.7388e+03 8.6133e-05
1.7406e+03 7.5424e-05
1.7423e+03 7.7521e-05
1.7440e+03 8.2789e-05
1.7458e+03 7.3656e-05
1.7475e+03 5.7659e-05
1.7493e+03 7.2514e-05
1.7510e+03 7.4996e-05
1.7528e+03 7.7904e-05
1.7545e+03 1.1378e-04
1.7563e+03 1.2819e-04
1.7580e+03 1.2627e-04
1.7598e+03 1.0930e-04
1.7616e+03 9.4248e-05
1.7633e+03 8.2105e-05
1.7651e+03 7.4645e-05
1.7669e+03 9.8377e-05
1.7686e+03 1.1297e-04
1.7704e+03 8.8576e-05
1.7722e+03 1.1305e-04
1.7739e+03 1.2529e-04
1.7757e+03 1.0018e-04
1.7775e+03 1.1902e-04
1.7793e+03 1.6125e-04
1.7810e+03 1.6062e-04
1.7828e+03 1.3374e-04
1.7846e+03 1.4016e-04
1.7864e+03 1.2236e-04
1.7882e+03 1.4054e-04
1.7900e+03 1.8668e-04
1.7918e+03 1.8155e-04
1.7936e+03 1.4392e-04
1.7954e+03 1.6171e-04
1.7972e+03 1.3934e-04
1.7990e+03 1.4912e-04
1.8008e+03 1.8565e-04
1.8025e+03 2.0474e-04
1.8044e+03 1.7742e-04
1.8062e+03 1.1902e-04
1.8080e+03 1.3307e-04
1.8098e+03 1.6731e-04
1.8116e+03 1.1555e-04
1.8134e+03 1.1416e-04
1.8152e+03 1.6562e-04
1.8170e+03 1.6272e-04
1.8188e+03 1.7570e-04
1.8207e+03 1.5490e-04
1.8225e+03 1.8737e-04
1.8243e+03 2.0989e-04
1.8261e+03 1.9007e-04
1.8280e+03 2.0123e-04
1.8298e+03 1.9537e-04
1.8316e+03 1.8846e-04
1.8335e+03 2.0656e-04
1.8353e+03 2.2319e-04
1.8371e+03 2.2710e-04
1.8390e+03 2.1042e-04
1.8408e+03 1.6733e-04
1.8427e+03 1.6695e-04
1.8445e+03 1.9109e-04
1.8463e+03 1.4840e-04
1.8482e+03 1.4095e-04
1.8500e+03 1.5408e-04
1.8519e+03 1.5818e-04
1.8537e+03 2.0981e-04
1.8556e+03 2.2510e-04
1.8575e+03 2.6358e-04
1.8593e+03 2.1311e-04
1.8612e+03 1.9037e-04
1.8630e+03 2.2123e-04
1.8649e+03 2.2042e-04
1.8668e+03 2.4885e-04
1.8686e+03 2.8493e-04
1.8705e+03 2.9874e-04
1.8724e+03 2.8704e-04
1.8742e+03 2.7885e-04
1.8761e+03 3.0092e-04
1.8780e+03 2.9659e-04
1.8799e+03 2.7769e-04
1.8818e+03 2.6118e-04
1.8836e+03 2.6253e-04
1.8855e+03 3.2059e-04
1.8874e+03 3.7446e-04
1.8893e+03 4.1057e-04
1.8912e+03 3.7351e-04
1.8931e+03 3.5048e-04
1.8950e+03 3.7588e-04
1.8969e+03 3.7920e-04
1.8988e+03 3.4274e-04
1.9007e+03 2.7609e-04
1.9026e+03 3.1090e-04
1.9045e+03 3.6415e-04
1.9064e+03 3.7076e-04
1.9083e+03 3.9468e-04
1.9102e+03 4.0472e-04
1.9121e+03 3.8319e-04
1.9140e+03 4.2044e-04
1.9159e+03 4.5490e-04
1.9178e+03 4.4363e-04
1.9198e+03 4.3677e-04
1.9217e+03 4.4370e-04
1.9236e+03 4.1519e-04
1.9255e+03 4.3164e-04
1.9275e+03 4.2260e-04
1.9294e+03 3.4348e-04
1.9313e+03 2.1019e-04
1.9332e+03 2.1964e-04
1.9352e+03 1.9809e-04
1.9371e+03 2.1141e-04
1.9391e+03 3.4867e-04
1.9410e+03 4.4165e-04
1.9429e+03 5.3387e-04
1.9449e+03 5.2184e-04
1.9468e+03 5.4811e-04
1.9488e+03 5.1889e-04
1.9507e+03 4.7805e-04
1.9527e+03 4.9636e-04
1.9546e+03 5.1273e-04
1.9566e+03 5.0716e-04
1.9585e+03 5.5473e-04
1.9605e+03 5.6066e-04
1.9625e+03 5.8459e-04
1.9644e+03 6.3981e-04
1.9664e+03 6.8655e-04
1.9684e+03 6.8789e-04
1.9703e+03 6.1509e-04
1.9723e+03 6.1549e-04
1.9743e+03 6.1849e-04
1.9762e+03 5.9873e-04
1.9782e+03 5.9483e-04
1.9802e+03 5.4981e-04
1.9822e+03 5.8587e-04
1.9842e+03 6.2904e-04
1.9862e+03 6.7956e-04
1.9882e+03 6.1282e-04
1.9901e+03 5.2352e-04
1.9921e+03 5.7333e-04
1.9941e+03 6.1264e-04
1.9961e+03 6.4921e-04
1.9981e+03 6.4664e-04
2.0001e+03 6.3234e-04
2.0021e+03 6.7935e-04
2.0041e+03 6.5100e-04
2.0061e+03 6.3570e-04
2.0081e+03 5.6247e-04
2.0101e+03 6.1202e-04
2.0122e+03 6.2221e-04
2.0142e+03 6.7367e-04
2.0162e+03 7.3353e-04
2.0182e+03 7.5326e-04
2.0202e+03 7.0584e-04
2.0222e+03 4.9730e-04
2.0243e+03 4.5357e-04
2.0263e+03 4.8730e-04
2.0283e+03 6.3485e-04
2.0303e+03 7.3186e-04
2.0324e+03 7.6809e-04
2.0344e+03 6.7875e-04
2.0364e+03 7.7412e-04
2.0385e+03 7.2235e-04
2.0405e+03 6.6792e-04
2.0426e+03 8.1213e-04
2.0446e+03 9.2192e-04
2.0467e+03 9.5815e-04
2.0487e+03 8.5226e-04
2.0508e+03 8.0072e-04
2.0528e+03 8.2390e-04
2.0548e+03 8.3661e-04
2.0569e+03 9.1298e-04
2.0590e+03 9.6144e-04
2.0610e+03 8.9134e-04
2.0631e+03 8.1409e-04
2.0652e+03 8.6850e-04
2.0672e+03 8.8079e-04
2.0693e+03 8.8418e-04
2.0714e+03 1.0031e-03
2.0734e+03 1.0378e-03
2.0755e+03 1.0349e-03
2.0776e+03 1.1120e-03
2.0797e+03 1.0667e-03
2.0817e+03 1.0626e-03
2.0838e+03 1.0304e-03
2.0859e+03 1.0929e-03
2.0880e+03 1.3056e-03
2.0901e+03 1.1961e-03
2.0922e+03 1.3420e-03
2.0943e+03 1.7029e-03
2.0964e+03 1.8640e-03
2.0985e+03 1.9830e-03
2.1006e+03 2.4705e-03
2.1027e+03 3.6835e-03
2.1048e+03 4.9649e-03
2.1069e+03 5.2224e-03
2.1090e+03 3.0852e-03
2.1111e+03 3.4291e-03
2.1132e+03 4.5632e-03
2.1153e+03 4.7106e-03
2.1174e+03 6.3365e-03
2.1196e+03 6.7890e-03
2.1217e+03 5.4436e-03
2.1238e+03 1.9603e-03
2.1259e+03 2.4802e-03
2.1280e+03 4.5738e-03
2.1302e+03 4.7338e-03
2.1323e+03 4.1572e-03
2.1344e+03 4.0294e-03
2.1366e+03 4.4977e-03
2.1387e+03 3.8208e-03
2.1408e+03 4.2080e-03
2.1430e+03 6.3693e-03
2.1451e+03 7.0489e-03
2.1473e+03 6.0672e-03
2.1494e+03 6.4935e-03
2.1516e+03 4.9137e-03
2.1537e+03 5.5737e-03
2.1559e+03 6.4432e-03
2.1581e+03 6.0262e-03
2.1602e+03 4.4721e-03
2.1624e+03 5.5577e-03
2.1645e+03 4.2169e-03
2.1667e+03 2.7269e-03
2.1689e+03 3.6051e-03
2.1710e+03 5.6121e-03
2.1732e+03 4.6136e-03
2.1754e+03 3.6641e-03
2.1776e+03 3.8563e-03
2.1797e+03 6.1618e-03
2.1819e+03 7.9491e-03
2.1841e+03 6.3682e-03
2.1863e+03 5.4832e-03
2.1885e+03 6.1954e-03
2.1907e+03 6.5430e-03
2.1928e+03 5.0397e-03
2.1951e+03 7.1493e-03
2.1972e+03 7.0731e-03
2.1994e+03 6.6468e-03
2.2016e+03 5.4825e-03
2.2038e+03 8.4773e-03
2.2061e+03 6.9690e-03
2.2083e+03 5.0795e-03
2.2105e+03 3.7320e-03
2.2127e+03 4.6658e-03
2.2149e+03 6.2147e-03
2.2171e+03 4.4852e-03
2.2193e+03 4.9830e-03
2.2215e+03 6.9131e-03
2.2238e+03 7.4505e-03
2.2260e+03 6.9295e-03
2.2282e+03 7.8195e-03
2.2304e+03 8.4830e-03
2.2327e+03 8.7151e-03
2.2349e+03 1.2053e-02
2.2372e+03 1.1252e-02
2.2394e+03 1.1227e-02
2.2416e+03 1.0830e-02
2.2439e+03 1.0258e-02
2.2461e+03 9.8312e-03
2.2484e+03 8.9266e-03
2.2506e+03 6.1776e-03
2.2529e+03 7.2963e-03
2.2551e+03 8.6084e-03
2.2574e+03 1.0559e-02
2.2596e+03 7.2341e-03
2.2619e+03 5.9090e-03
2.2642e+03 5.9499e-03
2.2664e+03 4.3431e-03
2.2687e+03 5.5635e-03
2.2710e+03 7.5875e-03
2.2732e+03 7.3859e-03
2.2755e+03 5.6062e-03
2.2778e+03 3.8631e-03
2.2801e+03 7.3277e-03
2.2823e+03 1.0674e-02
2.2846e+03 1.1198e-02
2.2869e+03 1.0570e-02
2.2892e+03 6.8455e-03
2.2915e+03 6.3267e-03
2.2938e+03 9.2598e-03
2.2961e+03 9.4121e-03
2.2984e+03 5.1480e-03
2.3007e+03 5.1947e-03
2.3030e+03 7.0595e-03
2.3053e+03 8.5403e-03
2.3076e+03 1.0809e-02
2.3099e+03 1.0191e-02
2.3122e+03 5.7235e-03
2.3145e+03 5.6530e-03
2.3168e+03 8.4008e-03
2.3192e+03 7.8267e-03
2.3215e+03 5.3861e-03
2.3238e+03 9.3067e-03
2.3261e+03 7.3596e-03
2.3284e+03 7.1693e-03
2.3308e+03 7.3576e-03
2.3331e+03 4.7624e-03
2.3354e+03 7.3602e-03
2.3378e+03 6.7266e-03
2.3401e+03 7.0943e-03
2.3425e+03 6.3706e-03
2.3448e+03 3.0690e-03
2.3472e+03 3.6618e-03
2.3495e+03 5.0817e-03
2.3518e+03 1.0085e-02
2.3542e+03 1.0324e-02
2.3566e+03 7.3581e-03
2.3589e+03 6.4597e-03
2.3613e+03 4.6180e-03
2.3636e+03 7.0008e-03
2.3660e+03 4.9447e-03
2.3684e+03 5.1775e-03
2.3707e+03 6.7710e-03
2.3731e+03 5.9439e-03
2.3755e+03 5.3888e-03
2.3779e+03 8.0989e-03
2.3802e+03 4.4518e-03
2.3826e+03 2.4396e-03
2.3850e+03 4.0801e-03
2.3874e+03 5.2937e-03
2.3898e+03 4.4700e-03
2.3922e+03 6.1390e-03
2.3946e+03 5.1862e-03
2.3970e+03 3.3986e-03
2.3994e+03 4.4518e-03
2.4018e+03 6.3632e-03
2.4042e+03 5.8729e-03
2.4066e+03 3.9677e-03
2.4090e+03 5.5507e-03
2.4114e+03 4.3657e-03
2.4138e+03 5.0183e-03
2.4162e+03 7.5790e-03
2.4186e+03 8.3901e-03
2.4211e+03 1.0129e-02
2.4235e+03 1.0130e-02
2.4259e+03 9.0763e-03
2.4283e+03 9.2934e-03
2.4308e+03 9.3605e-03
2.4332e+03 9.8301e-03
2.4356e+03 8.6960e-03
2.4381e+03 9.8322e-03
2.4405e+03 9.2242e-03
2.4429e+03 9.6259e-03
2.4454e+03 8.5115e-03
2.4478e+03 8.5804e-03
2.4503e+03 8.0852e-03
2.4527e+03 9.2535e-03
2.4552e+03 1.0518e-02
2.4576e+03 1.1269e-02
2.4601e+03 9.3575e-03
2.4626e+03 6.9229e-03
2.4650e+03 7.7424e-03
2.4675e+03 9.6463e-03
2.4700e+03 8.4008e-03
2.4724e+03 6.7472e-03
2.4749e+03 6.8199e-03
2.4774e+03 7.2209e-03
2.4799e+03 5.3895e-03
2.4823e+03 4.6248e-03
2.4848e+03 3.5621e-03
2.4873e+03 4.4294e-03
2.4898e+03 2.5899e-03
2.4923e+03 3.4325e-03
2.4948e+03 5.9572e-03
2.4973e+03 7.4271e-03
2.4998e+03 6.8000e-03
2.5023e+03 6.7260e-03
2.5048e+03 7.0099e-03
2.5073e+03 5.1323e-03
2.5098e+03 6.9928e-03
2.5123e+03 5.7973e-03
2.5148e+03 4.9657e-03
2.5173e+03 3.6270e-03
2.5199e+03 4.2493e-03
2.5224e+03 4.3863e-03
2.5249e+03 3.6192e-03
2.5274e+03 4.5359e-03
2.5300e+03 4.0426e-03
2.5325e+03 8.1781e-03
2.5350e+03 8.2911e-03
2.5376e+03 8.1298e-03
2.5401e+03 8.2598e-03
2.5426e+03 9.7223e-03
2.5452e+03 1.0177e-02
2.5477e+03 1.1587e-02
2.5503e+03 1.3463e-02
2.5528e+03 3.7937e-02
2.5554e+03 5.0977e-02
2.5579e+03 4.5870e-02
2.5605e+03 4.3315e-02
2.5631e+03 2.1276e-02
2.5656e+03 4.2487e-02
2.5682e+03 4.3103e-02
2.5708e+03 6.7800e-02
2.5733e+03 5.9483e-02
2.5759e+03 2.7913e-02
2.5785e+03 2.7928e-02
2.5811e+03 5.1296e-02
2.5837e+03 3.6316e-02
2.5862e+03 1.6897e-02
2.5888e+03 3.3907e-02
2.5914e+03 3.9998e-02
2.5940e+03 2.1497e-02
2.5966e+03 2.4928e-02
2.5992e+03 9.9299e-03
2.6018e+03 1.6606e-02
2.6044e+03 2.4149e-02
2.6070e+03 1.3478e-02
2.6096e+03 2.4186e-02
2.6122e+03 1.4870e-02
2.6148e+03 1.6316e-02
2.6174e+03 2.6844e-02
2.6201e+03 2.9906e-02
2.6227e+03 3.0095e-02
2.6253e+03 2.8911e-02
2.6279e+03 1.7040e-02
2.6306e+03 1.4337e-02
2.6332e+03 3.2153e-02
2.6358e+03 8.5017e-02
2.6385e+03 1.3205e-01
2.6411e+03 1.4672e-01
2.6438e+03 1.1128e-01
2.6464e+03 1.3085e-01
2.6491e+03 1.4134e-01
2.6517e+03 1.4127e-01
2.6544e+03 1.7117e-01
2.6570e+03 1.8486e-01
2.6597e+03 1.5041e-01
2.6623e+03 1.2950e-01
2.6650e+03 1.0029e-01
2.6677e+03 1.0418e-01
2.6703e+03 1.0166e-01
2.6730e+03 9.3430e-02
2.6757e+03 1.4985e-01
2.6783e+03 1.0416e-01
2.6810e+03 9.7211e-02
2.6837e+03 1.6220e-01
2.6864e+03 1.5122e-01
2.6891e+03 1.3220e-01
2.6918e+03 9.7344e-02
2.6945e+03 8.7134e-02
2.6972e+03 8.5355e-02
2.6999e+03 1.2445e-01
2.7026e+03 1.2458e-01
2.7053e+03 1.1903e-01
2.7080e+03 8.6563e-02
2.7107e+03 8.5378e-02
2.7134e+03 7.6450e-02
2.7161e+03 4.9550e-02
2.7188e+03 3.1493e-02
2.7216e+03 2.1133e-02
2.7243e+03 3.1731e-02
2.7270e+03 3.7853e-02
2.7297e+03 7.3560e-02
2.7325e+03 5.7011e-02
2.7352e+03 3.2741e-02
2.7379e+03 2.8151e-02
2.7407e+03 2.6892e-02
2.7434e+03 1.8681e-02
2.7462e+03 2.6556e-02
2.7489e+03 2.2561e-02
2.7517e+03 3.4386e-02
2.7544e+03 4.3047e-02
2.7572e+03 2.9871e-02
2.7599e+03 6.3784e-02
2.7627e+03 4.8766e-02
2.7654e+03 7.0894e-02
2.7682e+03 5.5658e-02
2.7710e+03 6.0937e-02
2.7738e+03 5.8408e-02
2.7765e+03 4.3101e-02
2.7793e+03 2.2499e-02
2.7821e+03 2.0310e-02
2.7849e+03 2.5301e-02
2.7877e+03 2.6279e-02
2.7904e+03 1.8347e-02
2.7932e+03 1.2013e-02
2.7960e+03 4.9038e-03
2.7988e+03 8.1194e-03
2.8016e+03 8.4748e-03
2.8044e+03 7.2295e-03
2.8072e+03 1.5975e-02
2.8101e+03 2.7470e-02
2.8129e+03 3.1872e-02
2.8157e+03 4.0398e-02
2.8185e+03 5.2714e-02
2.8213e+03 5.7872e-02
2.8241e+03 6.3905e-02
2.8270e+03 6.5827e-02
2.8298e+03 6.5955e-02
2.8326e+03 5.6418e-02
2.8354e+03 4.6781e-02
2.8383e+03 4.5641e-02
2.8411e+03 3.7177e-02
2.8440e+03 2.6045e-02
2.8468e+03 2.0457e-02
2.8497e+03 1.3014e-02
2.8525e+03 5.5540e-03
2.8554e+03 1.0852e-02
2.8582e+03 1.8430e-02
2.8611e+03 2.6594e-02
2.8639e+03 3.7700e-02
2.8668e+03 3.9897e-02
2.8697e+03 5.2528e-02
2.8726e+03 7.6932e-02
2.8754e+03 6.9319e-02
2.8783e+03 5.8222e-02
2.8812e+03 3.8691e-02
2.8841e+03 7.7437e-02
2.8869e+03 1.3204e-01
2.8898e+03 1.0746e-01
2.8927e+03 9.8792e-02
2.8956e+03 1.0786e-01
2.8985e+03 1.4580e-01
2.9014e+03 1.6957e-01
2.9043e+03 1.9128e-01
2.9072e+03 1.7930e-01
2.9101e+03 1.3479e-01
2.9131e+03 1.4029e-01
2.9160e+03 1.7884e-01
2.9189e+03 1.5801e-01
2.9218e+03 1.7488e-01
2.9247e+03 1.4390e-01
2.9277e+03 8.7062e-02
2.9306e+03 1.2870e-01
2.9335e+03 1.5952e-01
2.9364e+03 1.4384e-01
2.9394e+03 1.0608e-01
2.9423e+03 1.2509e-01
2.9453e+03 1.5175e-01
2.9482e+03 9.8196e-02
2.9512e+03 1.5300e-01
2.9541e+03 1.5134e-01
2.9571e+03 1.4348e-01
2.9600e+03 1.7489e-01
2.9630e+03 1.8825e-01
2.9660e+03 9.6694e-02
2.9689e+03 7.6857e-02
2.9719e+03 9.4323e-02
2.9749e+03 1.1705e-01
2.9778e+03 1.6840e-01
2.9808e+03 1.2501e-01
2.9838e+03 6.7497e-02
2.9868e+03 8.9898e-02
2.9898e+03 1.5554e-01
2.9928e+03 1.6466e-01
2.9958e+03 1.1836e-01
2.9988e+03 1.6368e-01
3.0018e+03 6.0017e-02
3.0048e+03 1.0295e-01
3.0078e+03 1.0720e-01
3.0108e+03 1.2600e-01
3.0138e+03 1.5244e-01
3.0168e+03 1.2242e-01
3.0198e+03 5.5930e-02
3.0228e+03 8.5393e-02
3.0259e+03 1.1211e-01
3.0289e+03 1.9656e-01
3.0319e+03 1.4494e-01
3.0350e+03 2.1205e-01
3.0380e+03 1.2987e-01
3.0411e+03 1.2471e-01
3.0441e+03 1.3331e-01
3.0471e+03 1.3229e-01
3.0502e+03 1.3709e-01
3.0532e+03 1.7966e-01
3.0563e+03 1.4125e-01
3.0593e+03 7.7670e-02
3.0624e+03 1.6795e-01
3.0655e+03 1.4536e-01
3.0685e+03 1.3006e-01
3.0716e+03 2.0677e-01
3.0747e+03 1.6592e-01
3.0778e+03 1.7612e-01
3.0808e+03 1.8671e-01
3.0839e+03 1.8834e-01
3.0870e+03 2.4297e-01
3.0901e+03 1.3607e-01
3.0932e+03 1.0423e-01
3.0963e+03 1.2547e-01
3.0994e+03 8.0692e-02
3.1025e+03 9.7260e-02
3.1056e+03 2.2436e-01
3.1087e+03 2.4208e-01
3.1118e+03 2.2068e-01
3.1149e+03 2.3887e-01
3.1180e+03 1.7085e-01
3.1212e+03 1.1942e-01
3.1243e+03 1.7731e-01
3.1274e+03 1.6864e-01
3.1305e+03 1.8978e-01
3.1337e+03 1.7853e-01
3.1368e+03 1.6779e-01
3.1399e+03 2.3089e-01
3.1431e+03 2.0441e-01
3.1462e+03 1.1828e-01
3.1494e+03 2.1695e-01
3.1525e+03 2.5454e-01
3.1557e+03 1.9471e-01
3.1588e+03 9.1650e-02
3.1620e+03 1.2222e-01
3.1652e+03 1.6023e-01
3.1683e+03 1.7787e-01
3.1715e+03 2.6270e-01
3.1747e+03 2.5577e-01
3.1778e+03 2.7200e-01
3.1810e+03 1.4129e-01
3.1842e+03 1.1574e-01
3.1874e+03 1.9934e-01
3.1906e+03 2.3915e-01
3.1938e+03 1.2355e-01
3.1970e+03 1.6218e-01
3.2002e+03 2.1280e-01
3.2034e+03 2.3136e-01
3.2066e+03 2.7913e-01
3.2098e+03 2.1037e-01
3.2130e+03 1.2668e-01
3.2162e+03 1.6464e-01
3.2194e+03 2.0974e-01
3.2226e+03 2.0438e-01
3.2259e+03 1.9169e-01
3.2291e+03 1.2153e-01
3.2323e+03 1.8021e-01
3.2356e+03 1.7159e-01
3.2388e+03 1.8383e-01
3.2420e+03 2.0277e-01
3.2453e+03 2.4735e-01
3.2485e+03 2.5085e-01
3.2518e+03 2.7585e-01
3.2550e+03 2.7047e-01
3.2583e+03 3.1827e-01
3.2615e+03 3.4041e-01
3.2648e+03 3.2950e-01
3.2681e+03 3.6974e-01
3.2713e+03 2.9855e-01
3.2746e+03 2.5109e-01
3.2779e+03 2.8972e-01
3.2812e+03 2.8714e-01
3.2845e+03 2.7422e-01
3.2877e+03 2.5907e-01
3.2910e+03 3.6067e-01
3.2943e+03 3.9098e-01
3.2976e+03 3.7871e-01
3.3009e+03 3.8313e-01
3.3042e+03 3.0242e-01
3.3075e+03 2.2849e-01
3.3108e+03 2.7172e-01
3.3142e+03 2.2564e-01
3.3175e+03 2.3091e-01
3.3208e+03 2.8840e-01
3.3241e+03 2.7111e-01
3.3274e+03 3.0211e-01
3.3308e+03 2.8336e-01
3.3341e+03 2.9018e-01
3.3374e+03 2.1509e-01
3.3408e+03 2.4833e-01
3.3441e+03 2.6050e-01
3.3475e+03 2.9879e-01
3.3508e+03 2.4467e-01
3.3542e+03 2.9742e-01
3.3575e+03 2.4552e-01
3.3609e+03 9.1034e-02
3.3642e+03 2.1322e-01
3.3676e+03 2.0240e-01
3.3710e+03 1.1599e-01
3.3743e+03 1.5772e-01
3.3777e+03 2.4904e-01
3.3811e+03 1.7190e-01
3.3845e+03 2.2436e-01
3.3879e+03 2.2743e-01
3.3913e+03 2.2998e-01
3.3947e+03 1.7314e-01
3.3981e+03 2.7995e-01
3.4014e+03 3.4466e-01
3.4048e+03 2.4747e-01
3.4083e+03 2.2698e-01
3.4117e+03 2.5402e-01
3.4151e+03 1.6998e-01
3.4185e+03 2.4694e-01
3.4219e+03 3.0884e-01
3.4253e+03 2.5461e-01
3.4288e+03 2.9409e-01
3.4322e+03 3.3648e-01
3.4356e+03 3.0314e-01
3.4391e+03 2.3534e-01
3.4425e+03 1.2079e-01
3.4459e+03 1.6507e-01
3.4494e+03 3.1873e-01
3.4528e+03 2.8611e-01
3.4563e+03 3.5077e-01
3.4598e+03 2.4411e-01
3.4632e+03 2.6208e-01
3.4667e+03 2.6141e-01
3.4702e+03 3.6003e-01
3.4736e+03 2.8465e-01
3.4771e+03 1.7991e-01
3.4806e+03 3.4797e-01
3.4841e+03 3.2225e-01
3.4876e+03 4.1345e-01
3.4910e+03 2.4278e-01
3.4945e+03 2.5870e-01
3.4980e+03 2.4239e-01
3.5015e+03 4.0353e-01
3.5050e+03 4.3330e-01
3.5085e+03 3.7776e-01
3.5121e+03 3.1458e-01
3.5156e+03 2.4755e-01
3.5191e+03 3.9106e-01
3.5226e+03 2.5599e-01
3.5261e+03 1.6924e-01
3.5297e+03 3.2075e-01
3.5332e+03 3.4196e-01
3.5367e+03 3.7532e-01
3.5403e+03 3.3125e-01
3.5469e+03 3.0193e-01
3.5559e+03 2.6294e-01
3.5649e+03 2.2736e-01
3.5739e+03 2.0678e-01
3.5829e+03 1.5492e-01
3.5919e+03 2.2058e-01
3.6009e+03 3.0012e-01
3.6099e+03 2.1074e-01
3.6189e+03 2.2940e-01
3.6279e+03 3.0079e-01
3.6369e+03 2.5809e-01
3.6459e+03 2.5616e-01
3.6549e+03 3.2412e-01
3.6639e+03 3.5889e-01
3.6729e+03 3.4038e-01
3.6819e+03 2.9505e-01
3.6909e+03 3.0921e-01
3.6999e+03 3.6611e-01
3.7089e+03 2.6440e-01
3.7180e+03 3.1166e-01
3.7270e+03 2.7407e-01
3.7360e+03 1.9261e-01
3.7450e+03 2.2773e-01
3.7540e+03 2.7410e-01
3.7630e+03 2.4742e-01
3.7720e+03 3.2292e-01
3.7810e+03 3.7990e-01
3.7900e+03 2.9489e-01
3.7990e+03 2.5969e-01
3.8080e+03 3.4458e-01
3.8170e+03 2.4869e-01
3.8260e+03 1.8326e-01
3.8350e+03 1.8271e-01
3.8440e+03 2.3820e-01
3.8530e+03 2.6419e-01
3.8620e+03 2.3257e-01
3.8710e+03 2.4106e-01
3.8800e+03 2.5674e-01
3.8890e+03 2.7644e-01
3.8980e+03 3.4503e-01
3.9070e+03 3.4014e-01
3.9160e+03 3.9371e-01
3.9250e+03 2.7742e-01
3.9340e+03 1.2389e-01
3.9430e+03 2.5760e-01
3.9520e+03 3.9083e-01
3.9610e+03 3.2102e-01
3.9700e+03 1.5568e-01
3.9790e+03 3.8313e-01
3.9880e+03 4.7395e-01
3.9970e+03 5.0135e-01
4.0060e+03 5.1495e-01
4.0150e+03 5.6056e-01
4.0240e+03 5.7003e-01
4.0330e+03 4.9702e-01
4.0420e+03 5.6023e-01
4.0510e+03 5.2650e-01
4.0601e+03 5.0514e-01
4.0691e+03 4.9351e-01
4.0781e+03 5.2154e-01
4.0871e+03 6.1817e-01
4.0961e+03 5.7923e-01
4.1051e+03 5.2304e-01
4.1141e+03 5.8667e-01
4.1231e+03 5.8033e-01
4.1321e+03 5.2719e-01
4.1411e+03 5.5771e-01
4.1501e+03 5.4013e-01
4.1591e+03 5.5686e-01
4.1681e+03 5.8409e-01
4.1771e+03 5.1464e-01
4.1861e+03 5.4742e-01
4.1951e+03 5.5918e-01
4.2041e+03 5.3279e-01
4.2131e+03 5.9186e-01
4.2221e+03 5.9740e-01
4.2311e+03 5.0242e-01
4.2401e+03 5.8350e-01
4.2491e+03 6.0462e-01
4.2581e+03 5.5646e-01
4.2671e+03 6.4001e-01
4.2761e+03 5.2331e-01
4.2851e+03 5.9119e-01
4.2941e+03 5.3976e-01
4.3031e+03 4.2828e-01
4.3121e+03 4.5467e-01
4.3211e+03 7.2787e-01
4.3301e+03 6.4818e-01
4.3391e+03 6.4334e-01
4.3481e+03 7.2386e-01
4.3571e+03 6.7818e-01
4.3661e+03 7.6616e-01
4.3751e+03 6.8532e-01
4.3841e+03 5.8094e-01
4.3931e+03 6.6547e-01
4.4021e+03 6.8647e-01
4.4111e+03 7.0233e-01
4.4201e+03 7.2865e-01
4.4291e+03 7.4186e-01
4.4381e+03 7.4372e-01
4.4471e+03 7.8208e-01
4.4561e+03 7.1336e-01
4.4651e+03 7.2302e-01
4.4741e+03 8.1934e-01
4.4832e+03 8.2557e-01
4.4922e+03 8.0461e-01
4.5012e+03 8.5325e-01
4.5102e+03 9.1519e-01
4.5192e+03 8.6866e-01
4.5282e+03 7.5558e-01
4.5372e+03 8.0040e-01
4.5462e+03 8.2939e-01
4.5552e+03 8.3072e-01
4.5642e+03 8.8087e-01
4.5732e+03 8.9788e-01
4.5822e+03 8.4098e-01
4.5912e+03 8.6662e-01
4.6002e+03 8.3633e-01
4.6092e+03 9.0529e-01
4.6182e+03 9.2650e-01
4.6272e+03 9.2562e-01
4.6362e+03 8.8603e-01
4.6452e+03 8.2381e-01
4.6542e+03 8.5629e-01
4.6632e+03 9.0456e-01
4.6722e+03 8.2049e-01
4.6812e+03 8.6417e-01
4.6902e+03 8.6655e-01
4.6992e+03 8.6189e-01
4.7082e+03 8.3463e-01
4.7172e+03 9.0481e-01
4.7262e+03 9.1471e-01
4.7352e+03 8.7251e-01
4.7442e+03 9.2940e-01
4.7532e+03 9.2452e-01
4.7622e+03 8.8461e-01
4.7712e+03 8.8444e-01
4.7802e+03 9.3963e-01
4.7892e+03 8.8739e-01
4.7982e+03 9.5289e-01
4.8072e+03 9.3402e-01
4.8162e+03 9.6050e-01
4.8252e+03 9.4126e-01
4.8342e+03 9.2679e-01
4.8432e+03 9.1508e-01
4.8523e+03 9.1902e-01
4.8613e+03 7.8118e-01
4.8703e+03 8.4188e-01
4.8793e+03 9.0922e-01
4.8883e+03 8.5005e-01
4.8973e+03 9.6996e-01
4.9063e+03 9.5526e-01
4.9153e+03 9.2992e-01
4.9243e+03 8.4025e-01
4.9333e+03 9.6851e-01
4.9423e+03 9.2361e-01
4.9513e+03 1.0035e+00
4.9603e+03 9.0316e-01
4.9693e+03 9.1744e-01
4.9783e+03 9.3838e-01
4.9873e+03 8.5906e-01
4.9963e+03 9.2088e-01
5.0053e+03 8.2951e-01
5.0143e+03 8.3195e-01
5.0233e+03 8.5487e-01
5.0323e+03 9.2112e-01
5.0413e+03 8.2148e-01
5.0503e+03 9.0415e-01
5.0593e+03 9.6765e-01
5.0683e+03 8.9102e-01
5.0773e+03 8.7324e-01
5.0863e+03 8.6797e-01
5.0953e+03 9.2164e-01
5.1043e+03 8.7200e-01
5.1133e+03 8.8375e-01
5.1223e+03 8.9412e-01
5.1313e+03 8.5401e-01
5.1403e+03 8.5910e-01
5.1493e+03 8.3728e-01
5.1583e+03 8.9513e-01
5.1673e+03 7.2368e-01
5.1763e+03 7.2992e-01
5.1853e+03 7.2715e-01
5.1944e+03 8.4340e-01
5.2034e+03 8.6849e-01
5.2124e+03 8.3562e-01
5.2214e+03 9.2658e-01
5.2304e+03 8.5117e-01
5.2394e+03 9.5788e-01
5.2484e+03 9.2793e-01
5.2574e+03 9.6033e-01
5.2664e+03 7.8928e-01
5.2754e+03 8.6779e-01
5.2844e+03 9.6170e-01
5.2934e+03 1.0256e+00
5.3024e+03 9.4341e-01
5.3114e+03 1.0471e+00
5.3204e+03 1.0000e+00
5.3294e+03 8.6864e-01
5.3384e+03 9.8059e-01
5.3474e+03 9.6668e-01
5.3564e+03 1.0694e+00
5.3654e+03 1.0108e+00
5.3744e+03 9.5772e-01
5.3834e+03 1.0235e+00
5.3924e+03 9.6699e-01
5.4014e+03 9.3309e-01
5.4104e+03 9.0349e-01
5.4194e+03 1.0218e+00
5.4284e+03 9.7810e-01
5.4374e+03 9.7106e-01
5.4464e+03 9.9238e-01
5.4554e+03 9.6997e-01
5.4644e+03 9.8579e-01
5.4734e+03 9.6238e-01
5.4824e+03 9.4776e-01
5.4914e+03 9.8606e-01
5.5004e+03 9.8488e-01
5.5094e+03 9.6155e-01
5.5184e+03 9.7938e-01
5.5274e+03 9.8116e-01
5.5364e+03 9.9517e-01
5.5454e+03 1.0191e+00
5.5544e+03 1.0308e+00
5.5634e+03 9.9545e-01
5.5724e+03 9.7754e-01
5.5814e+03 1.0106e+00
5.5904e+03 9.1505e-01
5.5994e+03 9.5678e-01
5.6085e+03 1.0217e+00
5.6175e+03 9.6865e-01
5.6265e+03 9.7083e-01
5.6355e+03 1.0030e+00
5.6445e+03 9.8159e-01
5.6535e+03 1.0031e+00
5.6625e+03 9.5376e-01
5.6715e+03 1.0076e+00
5.6805e+03 1.0212e+00
5.6895e+03 9.9931e-01
5.6985e+03 1.0112e+00
5.7075e+03 9.4676e-01
5.7165e+03 9.9518e-01
5.7255e+03 1.0498e+00
5.7345e+03 1.0408e+00
5.7435e+03 1.0451e+00
5.7525e+03 1.0149e+00
5.7615e+03 1.0217e+00
5.7705e+03 1.0594e+00
5.7795e+03 1.0095e+00
5.7885e+03 9.7545e-01
5.7975e+03 1.0422e+00
5.8065e+03 1.0556e+00
5.8155e+03 1.0466e+00
5.8245e+03 1.0767e+00
5.8335e+03 1.0689e+00
5.8425e+03 1.0726e+00
5.8515e+03 1.0290e+00
5.8605e+03 9.9379e-01
5.8695e+03 1.0314e+00
5.8785e+03 1.0220e+00
5.8875e+03 9.0678e-01
5.8965e+03 8.0457e-01
5.9055e+03 9.9763e-01
5.9145e+03 9.9975e-01
5.9235e+03 1.0200e+00
5.9325e+03 1.0100e+00
5.9416e+03 1.0186e+00
5.9506e+03 1.0167e+00
5.9596e+03 1.0179e+00
5.9686e+03 1.0433e+00
5.9776e+03 1.0260e+00
5.9866e+03 1.0091e+00
5.9956e+03 1.0325e+00
6.0046e+03 1.0118e+00
6.0136e+03 1.0028e+00
6.0226e+03 9.9798e-01
6.0316e+03 1.0484e+00
6.0406e+03 1.0554e+00
6.0496e+03 1.0741e+00
6.0586e+03 1.0444e+00
6.0676e+03 1.0427e+00
6.0766e+03 1.0696e+00
6.0856e+03 1.0268e+00
6.0946e+03 1.0269e+00
6.1036e+03 1.0140e+00
6.1126e+03 1.0482e+00
6.1216e+03 1.0049e+00
6.1306e+03 1.0354e+00
6.1396e+03 9.7213e-01
6.1486e+03 1.0348e+00
6.1576e+03 1.0107e+00
6.1666e+03 9.1108e-01
6.1756e+03 9.7091e-01
6.1846e+03 1.0048e+00
6.1936e+03 9.5851e-01
6.2026e+03 9.9807e-01
6.2116e+03 9.8898e-01
6.2206e+03 9.3532e-01
6.2296e+03 9.3597e-01
6.2386e+03 9.5933e-01
6.2476e+03 9.4060e-01
6.2566e+03 8.9934e-01
6.2656e+03 9.6086e-01
6.2746e+03 9.7793e-01
6.2836e+03 9.7925e-01
6.2926e+03 1.0009e+00
6.3016e+03 9.5616e-01
6.3106e+03 9.9712e-01
6.3196e+03 9.5700e-01
6.3286e+03 1.0063e+00
6.3376e+03 9.8469e-01
6.3466e+03 9.9078e-01
6.3557e+03 9.8902e-01
6.3647e+03 9.3605e-01
6.3737e+03 1.0220e+00
6.3827e+03 1.0085e+00
6.3917e+03 1.0030e+00
6.4007e+03 9.9735e-01
6.4097e+03 1.0060e+00
6.4187e+03 9.9309e-01
6.4277e+03 1.0228e+00
6.4367e+03 9.9965e-01
6.4457e+03 1.0416e+00
6.4547e+03 9.8219e-01
6.4637e+03 1.0146e+00
6.4727e+03 1.0231e+00
6.4817e+03 1.0050e+00
6.4907e+03 9.9865e-01
6.4997e+03 9.0191e-01
6.5087e+03 1.0088e+00
6.5177e+03 9.9953e-01
6.5267e+03 1.0156e+00
6.5357e+03 1.0128e+00
6.5447e+03 1.0044e+00
6.5537e+03 9.7162e-01
6.5627e+03 8.4987e-01
6.5717e+03 9.5394e-01
6.5807e+03 9.7989e-01
6.5897e+03 9.9622e-01
6.5987e+03 9.6454e-01
6.6077e+03 9.7507e-01
6.6167e+03 1.0043e+00
6.6257e+03 9.9047e-01
6.6347e+03 9.6515e-01
6.6437e+03 9.7737e-01
6.6527e+03 9.8123e-01
6.6617e+03 9.6367e-01
6.6707e+03 9.6949e-01
6.6797e+03 9.5436e-01
6.6888e+03 9.7719e-01
6.6978e+03 9.6042e-01
6.7068e+03 9.6569e-01
6.7158e+03 9.3082e-01
6.7248e+03 9.5282e-01
6.7338e+03 9.6488e-01
6.7428e+03 9.4521e-01
6.7518e+03 9.3432e-01
6.7608e+03 9.7073e-01
6.7698e+03 9.4813e-01
6.7788e+03 9.8142e-01
6.7878e+03 9.4187e-01
6.7968e+03 9.5446e-01
6.8058e+03 9.6358e-01
6.8148e+03 9.5880e-01
6.8238e+03 9.7148e-01
6.8328e+03 9.6698e-01
6.8418e+03 9.4057e-01
6.8508e+03 9.6833e-01
6.8598e+03 9.3460e-01
6.8688e+03 9.5131e-01
6.8778e+03 9.5674e-01
6.8868e+03 9.5627e-01
6.8958e+03 9.8065e-01
6.9048e+03 9.8246e-01
6.9138e+03 9.7405e-01
6.9228e+03 9.7137e-01
6.9318e+03 9.6735e-01
6.9408e+03 9.8275e-01
6.9498e+03 9.6495e-01
6.9588e+03 9.7577e-01
6.9678e+03 9.9392e-01
6.9768e+03 9.5765e-01
6.9858e+03 9.8645e-01
6.9948e+03 9.9195e-01
7.0038e+03 9.7162e-01
7.0128e+03 9.7765e-01
7.0218e+03 9.6583e-01
7.0308e+03 9.7958e-01
7.0398e+03 9.9208e-01
7.0488e+03 1.0273e+00
7.0579e+03 9.4421e-01
7.0669e+03 9.2534e-01
7.0759e+03 9.5672e-01
7.0849e+03 9.3002e-01
7.0939e+03 8.8392e-01
7.1029e+03 9.0850e-01
7.1119e+03 9.0562e-01
7.1209e+03 9.1793e-01
7.1299e+03 8.8060e-01
7.1389e+03 9.0445e-01
7.1479e+03 8.9616e-01
7.1569e+03 9.2184e-01
7.1659e+03 9.0078e-01
7.1749e+03 9.3079e-01
7.1839e+03 9.1542e-01
7.1929e+03 8.9418e-01
7.2019e+03 9.1919e-01
7.2109e+03 9.0966e-01
7.2199e+03 9.2966e-01
7.2289e+03 9.4689e-01
7.2379e+03 9.6112e-01
7.2469e+03 9.5870e-01
7.2559e+03 9.5817e-01
7.2649e+03 9.5979e-01
7.2739e+03 9.7671e-01
7.2829e+03 9.5540e-01
7.2919e+03 9.3607e-01
7.3009e+03 9.8142e-01
7.3099e+03 9.7613e-01
7.3189e+03 9.8487e-01
7.3279e+03 9.7386e-01
7.3369e+03 1.0014e+00
7.3459e+03 1.0027e+00
7.3549e+03 9.7404e-01
7.3639e+03 9.7697e-01
7.3729e+03 1.0120e+00
7.3819e+03 1.0013e+00
7.3909e+03 9.4556e-01
7.3999e+03 9.7861e-01
7.4068e+03 1.0321e+00
7.4142e+03 9.9020e-01
7.4216e+03 9.9287e-01
7.4290e+03 1.0182e+00
7.4365e+03 1.0367e+00
7.4439e+03 1.0150e+00
7.4514e+03 1.0177e+00
7.4588e+03 1.0551e+00
7.4663e+03 1.0122e+00
7.4738e+03 1.0359e+00
7.4812e+03 1.0421e+00
7.4887e+03 1.0421e+00
7.4962e+03 1.0002e+00
7.5037e+03 1.0569e+00
7.5112e+03 1.0081e+00
7.5187e+03 1.0554e+00
7.5262e+03 1.0381e+00
7.5338e+03 1.0360e+00
7.5413e+03 1.0558e+00
7.5489e+03 1.0585e+00
7.5564e+03 1.0380e+00
7.5640e+03 1.0458e+00
7.5715e+03 1.0416e+00
7.5791e+03 1.0470e+00
7.5867e+03 1.0121e+00
7.5943e+03 9.9968e-01
7.6019e+03 1.0013e+00
7.6095e+03 1.0011e+00
7.6171e+03 9.6540e-01
7.6247e+03 9.8628e-01
7.6324e+03 9.8461e-01
7.6400e+03 9.8592e-01
7.6476e+03 9.9406e-01
7.6553e+03 9.5917e-01
7.6629e+03 8.9020e-01
7.6706e+03 9.2299e-01
7.6783e+03 9.5354e-01
7.6860e+03 9.5208e-01
7.6937e+03 9.4737e-01
7.7014e+03 9.2851e-01
7.7091e+03 9.4446e-01
7.7168e+03 9.2908e-01
7.7245e+03 9.2445e-01
7.7322e+03 9.5162e-01
7.7400e+03 9.5553e-01
7.7477e+03 9.0325e-01
7.7555e+03 9.3399e-01
7.7632e+03 9.5566e-01
7.7710e+03 9.5101e-01
7.7788e+03 9.5238e-01
7.7865e+03 9.4448e-01
7.7943e+03 9.4877e-01
7.8021e+03 9.4534e-01
7.8099e+03 9.5613e-01
7.8178e+03 9.6601e-01
7.8256e+03 9.6034e-01
7.8334e+03 9.3362e-01
7.8412e+03 9.3768e-01
7.8491e+03 9.5363e-01
7.8569e+03 9.5452e-01
7.8648e+03 9.6325e-01
7.8727e+03 9.4902e-01
7.8805e+03 9.4404e-01
7.8884e+03 9.5249e-01
7.8963e+03 9.4148e-01
7.9042e+03 9.4763e-01
7.9121e+03 9.1510e-01
7.9200e+03 9.1683e-01
7.9280e+03 9.2781e-01
7.9359e+03 9.1960e-01
7.9438e+03 9.0451e-01
7.9518e+03 9.2267e-01
7.9597e+03 9.3741e-01
7.9677e+03 9.5994e-01
7.9757e+03 9.5869e-01
7.9837e+03 9.5033e-01
7.9916e+03 9.5173e-01
7.9996e+03 9.3390e-01
8.0076e+03 9.5657e-01
8.0156e+03 9.7832e-01
8.0237e+03 9.6561e-01
8.0317e+03 9.5340e-01
8.0397e+03 9.8440e-01
8.0478e+03 9.4135e-01
8.0558e+03 9.7160e-01
8.0639e+03 9.7726e-01
8.0720e+03 9.3913e-01
8.0800e+03 9.5222e-01
8.0881e+03 9.4981e-01
8.0962e+03 9.2714e-01
8.1043e+03 9.5132e-01
8.1124e+03 9.5457e-01
8.1205e+03 9.6050e-01
8.1287e+03 9.6512e-01
8.1368e+03 9.6626e-01
8.1449e+03 9.6832e-01
8.1560e+03 9.6947e-01
8.1760e+03 9.6793e-01
8.1960e+03 9.3729e-01
8.2160e+03 9.3667e-01
8.2360e+03 9.6299e-01
8.2560e+03 9.5698e-01
8.2760e+03 9.5642e-01
8.2960e+03 9.3870e-01
8.3160e+03 9.2586e-01
8.3360e+03 9.0795e-01
8.3560e+03 9.1870e-01
8.3760e+03 9.1877e-01
8.3960e+03 9.0913e-01
8.4160e+03 9.2352e-01
8.4360e+03 8.8554e-01
8.4560e+03 8.9218e-01
8.4760e+03 8.7313e-01
8.4960e+03 8.3010e-01
8.5160e+03 8.6337e-01
8.5360e+03 7.7903e-01
8.5560e+03 8.2550e-01
8.5760e+03 8.8429e-01
8.5960e+03 8.8656e-01
8.6160e+03 8.8571e-01
8.6360e+03 9.0476e-01
8.6560e+03 8.2083e-01
8.6760e+03 8.4616e-01
8.6960e+03 8.8041e-01
8.7160e+03 9.0360e-01
8.7360e+03 9.0806e-01
8.7560e+03 9.1310e-01
8.7760e+03 9.1343e-01
8.7960e+03 9.2126e-01
8.8160e+03 8.9862e-01
8.8360e+03 9.2210e-01
8.8560e+03 9.2768e-01
8.8760e+03 8.8477e-01
8.8960e+03 9.0451e-01
8.9160e+03 9.0086e-01
8.9360e+03 8.9492e-01
8.9560e+03 8.9316e-01
8.9760e+03 8.9654e-01
8.9960e+03 9.0713e-01
9.0160e+03 8.7569e-01
9.0360e+03 9.1057e-01
9.0560e+03 9.1789e-01
9.0760e+03 9.0983e-01
9.0960e+03 8.8381e-01
9.1160e+03 8.9146e-01
9.1360e+03 9.0065e-01
9.1560e+03 8.7899e-01
9.1760e+03 8.5929e-01
9.1960e+03 8.6681e-01
9.2160e+03 8.5263e-01
9.2360e+03 8.4749e-01
9.2560e+03 8.4830e-01
9.2760e+03 8.6551e-01
9.2960e+03 8.4293e-01
9.3160e+03 8.4278e-01
9.3360e+03 8.4629e-01
9.3560e+03 8.2307e-01
9.3760e+03 8.2345e-01
9.3960e+03 8.2039e-01
9.4160e+03 7.9770e-01
9.4360e+03 8.0851e-01
9.4560e+03 8.1266e-01
9.4760e+03 8.2808e-01
9.4960e+03 8.3269e-01
9.5160e+03 8.3239e-01
9.5360e+03 8.3536e-01
9.5560e+03 8.2791e-01
9.5760e+03 8.3150e-01
9.5960e+03 8.3565e-01
9.6160e+03 8.3876e-01
9.6360e+03 8.2411e-01
9.6560e+03 8.1376e-01
9.6760e+03 8.1573e-01
9.6960e+03 8.1748e-01
9.7160e+03 8.1997e-01
9.7360e+03 8.0409e-01
9.7560e+03 8.1465e-01
9.7760e+03 8.0873e-01
9.7960e+03 8.0964e-01
9.8160e+03 8.2739e-01
9.8360e+03 8.2176e-01
9.8560e+03 8.2618e-01
9.8760e+03 8.2632e-01
9.8960e+03 8.1576e-01
9.9160e+03 8.0959e-01
9.9360e+03 8.0957e-01
9.9560e+03 8.1338e-01
9.9760e+03 8.1763e-01
9.9960e+03 8.0870e-01
1.0016e+04 8.1268e-01
1.0036e+04 8.0535e-01
1.0056e+04 7.9184e-01
1.0076e+04 8.0501e-01
1.0096e+04 8.1774e-01
1.0116e+04 8.1305e-01
1.0136e+04 8.0871e-01
1.0156e+04 7.9835e-01
1.0176e+04 8.0460e-01
1.0196e+04 7.9915e-01
1.0216e+04 7.9746e-01
1.0236e+04 8.0362e-01
1.0256e+04 8.0082e-01
1.0276e+04 7.9819e-01
1.0296e+04 7.9598e-01
1.0316e+04 7.9873e-01
1.0336e+04 7.7743e-01
1.0356e+04 7.8763e-01
1.0376e+04 7.8471e-01
1.0396e+04 7.8004e-01
1.0416e+04 7.9025e-01
1.0436e+04 7.8677e-01
1.0456e+04 7.8701e-01
1.0476e+04 7.8351e-01
1.0496e+04 7.7834e-01
1.0516e+04 7.7955e-01
1.0536e+04 7.7644e-01
1.0556e+04 7.7587e-01
1.0576e+04 7.6895e-01
1.0596e+04 7.5751e-01
1.0616e+04 7.5967e-01
1.0636e+04 7.7034e-01
1.0656e+04 7.5552e-01
1.0676e+04 7.5457e-01
1.0696e+04 7.4781e-01
1.0716e+04 7.6188e-01
1.0736e+04 7.4289e-01
1.0756e+04 7.4688e-01
1.0776e+04 7.4987e-01
1.0796e+04 7.4111e-01
1.0816e+04 7.3356e-01
1.0836e+04 7.2959e-01
1.0856e+04 7.4527e-01
1.0876e+04 7.1520e-01
1.0896e+04 7.2675e-01
1.0916e+04 7.3115e-01
1.0936e+04 7.0475e-01
1.0956e+04 7.0527e-01
1.0976e+04 6.7484e-01
1.0996e+04 6.8982e-01
1.1016e+04 6.8316e-01
1.1036e+04 6.8830e-01
1.1056e+04 6.9207e-01
1.1076e+04 6.9165e-01
1.1096e+04 6.9608e-01
1.1116e+04 6.9112e-01
1.1136e+04 6.9407e-01
1.1156e+04 6.8712e-01
1.1176e+04 6.9671e-01
1.1196e+04 6.8142e-01
1.1216e+04 6.9672e-01
1.1236e+04 6.9179e-01
1.1256e+04 6.7175e-01
1.1276e+04 6.9458e-01
1.1296e+04 6.8579e-01
1.1316e+04 6.8612e-01
1.1336e+04 6.8082e-01
1.1356e+04 6.8027e-01
1.1376e+04 6.7019e-01
1.1396e+04 6.6525e-01
1.1416e+04 6.6755e-01
1.1436e+04 6.7389e-01
1.1456e+04 6.8250e-01
1.1476e+04 6.7936e-01
1.1496e+04 6.7627e-01
1.1516e+04 6.7663e-01
1.1536e+04 6.7881e-01
1.1556e+04 6.8154e-01
1.1576e+04 6.7735e-01
1.1596e+04 6.6001e-01
1.1616e+04 6.5124e-01
1.1636e+04 6.5917e-01
1.1656e+04 6.6632e-01
1.1676e+04 6.6533e-01
1.1696e+04 6.5412e-01
1.1716e+04 6.6918e-01
1.1736e+04 6.6801e-01
1.1756e+04 6.6101e-01
1.1776e+04 6.4373e-01
1.1796e+04 6.5267e-01
1.1816e+04 6.6013e-01
1.1836e+04 6.2347e-01
1.1856e+04 6.5671e-01
1.1876e+04 6.4519e-01
1.1896e+04 6.3211e-01
1.1916e+04 6.5237e-01
1.1936e+04 6.4998e-01
1.1956e+04 6.4089e-01
1.1976e+04 6.2121e-01
1.1996e+04 6.2460e-01
1.2016e+04 6.4200e-01
1.2036e+04 6.2349e-01
1.2056e+04 6.4014e-01
1.2076e+04 6.3583e-01
1.2096e+04 6.2691e-01
1.2116e+04 6.2800e-01
1.2136e+04 6.3957e-01
1.2156e+04 6.4108e-01
1.2176e+04 6.3561e-01
1.2196e+04 6.3316e-01
1.2216e+04 6.3291e-01
1.2236e+04 6.3005e-01
1.2256e+04 6.3042e-01
1.2276e+04 6.2193e-01
1.2296e+04 6.2340e-01
1.2316e+04 6.2519e-01
1.2336e+04 6.2216e-01
1.2356e+04 6.2225e-01
1.2376e+04 6.2402e-01
1.2396e+04 6.1414e-01
1.2416e+04 6.1564e-01
1.2436e+04 6.0516e-01
1.2456e+04 6.1484e-01
1.2476e+04 6.1619e-01
1.2496e+04 6.1427e-01
1.2516e+04 6.0864e-01
1.2536e+04 6.0756e-01
1.2556e+04 6.0997e-01
1.2576e+04 6.0900e-01
1.2596e+04 6.0597e-01
1.2616e+04 6.0378e-01
1.2636e+04 6.0080e-01
1.2656e+04 6.0088e-01
1.2676e+04 5.9476e-01
1.2696e+04 6.0472e-01
1.2716e+04 6.0605e-01
1.2736e+04 5.9659e-01
1.2756e+04 5.9845e-01
1.2776e+04 5.9813e-01
1.2796e+04 5.9550e-01
1.2816e+04 5.7091e-01
1.2836e+04 5.7702e-01
1.2856e+04 5.8892e-01
1.2876e+04 5.9089e-01
1.2896e+04 5.7795e-01
1.2916e+04 5.8197e-01
1.2936e+04 5.8294e-01
1.2956e+04 5.9071e-01
1.2976e+04 5.8203e-01
1.2996e+04 5.8836e-01
1.3016e+04 5.7984e-01
1.3036e+04 5.8187e-01
1.3056e+04 5.8503e-01
1.3076e+04 5.8162e-01
1.3096e+04 5.7972e-01
1.3116e+04 5.7108e-01
1.3136e+04 5.6642e-01
1.3156e+04 5.6147e-01
1.3176e+04 5.7744e-01
1.3196e+04 5.7770e-01
1.3216e+04 5.7233e-01
1.3236e+04 5.7854e-01
1.3256e+04 5.7289e-01
1.3276e+04 5.7024e-01
1.3296e+04 5.4994e-01
1.3316e+04 5.5745e-01
1.3336e+04 5.6664e-01
1.3356e+04 5.6285e-01
1.3376e+04 5.6435e-01
1.3396e+04 5.5509e-01
1.3416e+04 5.5503e-01
1.3436e+04 5.6024e-01
1.3456e+04 5.5820e-01
1.3476e+04 5.5976e-01
1.3496e+04 5.5496e-01
1.3516e+04 5.5757e-01
1.3536e+04 5.5889e-01
1.3556e+04 5.5290e-01
1.3576e+04 5.5191e-01
1.3596e+04 5.4592e-01
1.3616e+04 5.4973e-01
1.3636e+04 5.5341e-01
1.3656e+04 5.5459e-01
1.3676e+04 5.4383e-01
1.3696e+04 5.5177e-01
1.3716e+04 5.5025e-01
1.3736e+04 5.4974e-01
1.3756e+04 5.4862e-01
1.3776e+04 5.4911e-01
1.3796e+04 5.5458e-01
1.3816e+04 5.5651e-01
1.3836e+04 5.5046e-01
1.3856e+04 5.4023e-01
1.3876e+04 5.4330e-01
1.3896e+04 5.4124e-01
1.3916e+04 5.1134e-01
1.3936e+04 5.2595e-01
1.3956e+04 5.2514e-01
1.3976e+04 5.2085e-01
1.3996e+04 5.2104e-01
1.4016e+04 5.2664e-01
1.4036e+04 5.2656e-01
1.4056e+04 5.2443e-01
1.4076e+04 5.1644e-01
1.4096e+04 5.1401e-01
1.4116e+04 5.0722e-01
1.4136e+04 4.9144e-01
1.4156e+04 5.0638e-01
1.4176e+04 5.0245e-01
1.4196e+04 5.0258e-01
1.4216e+04 4.9931e-01
1.4236e+04 4.9273e-01
1.4256e+04 4.9505e-01
1.4276e+04 5.0071e-01
1.4296e+04 4.9690e-01
1.4316e+04 4.9981e-01
1.4336e+04 4.9714e-01
1.4356e+04 4.9495e-01
1.4376e+04 5.0390e-01
1.4396e+04 4.9241e-01
1.4416e+04 4.9413e-01
1.4436e+04 4.8839e-01
1.4456e+04 4.9486e-01
1.4476e+04 4.9672e-01
1.4496e+04 4.9963e-01
1.4516e+04 4.8632e-01
1.4536e+04 4.8407e-01
1.4556e+04 4.7495e-01
1.4576e+04 4.8604e-01
1.4596e+04 4.8128e-01
1.4616e+04 4.5999e-01
1.4636e+04 4.7728e-01
1.4656e+04 4.6633e-01
1.4676e+04 4.7260e-01
1.4696e+04 4.7656e-01
1.4716e+04 4.7246e-01
1.4736e+04 4.8021e-01
1.4756e+04 4.7704e-01
1.4776e+04 4.7049e-01
1.4796e+04 4.8105e-01
1.4816e+04 4.7757e-01
1.4836e+04 4.7607e-01
1.4856e+04 4.8330e-01
1.4876e+04 4.4751e-01
1.4896e+04 4.7485e-01
1.4916e+04 4.7914e-01
1.4936e+04 4.8237e-01
1.4956e+04 4.8176e-01
1.4976e+04 4.8318e-01
1.4996e+04 4.8265e-01
1.5016e+04 4.6729e-01
1.5036e+04 4.3679e-01
1.5056e+04 4.4866e-01
1.5076e+04 4.7832e-01
1.5096e+04 4.7457e-01
1.5116e+04 4.7704e-01
1.5136e+04 4.6763e-01
1.5156e+04 4.7123e-01
1.5176e+04 4.7087e-01
1.5196e+04 4.7222e-01
1.5216e+04 4.6915e-01
1.5236e+04 4.7203e-01
1.5256e+04 4.7302e-01
1.5276e+04 4.6828e-01
1.5296e+04 4.6039e-01
1.5316e+04 4.8325e-01
1.5336e+04 4.6949e-01
1.5356e+04 4.7527e-01
1.5376e+04 4.6387e-01
1.5396e+04 4.5858e-01
1.5416e+04 4.6552e-01
1.5436e+04 4.6190e-01
1.5456e+04 4.7900e-01
1.5476e+04 4.7549e-01
1.5496e+04 4.7184e-01
1.5516e+04 4.6922e-01
1.5536e+04 4.6358e-01
1.5556e+04 4.5216e-01
1.5576e+04 4.4879e-01
1.5596e+04 4.4418e-01
1.5616e+04 4.5631e-01
1.5636e+04 4.5645e-01
1.5656e+04 4.5992e-01
1.5676e+04 4.5845e-01
1.5696e+04 4.4464e-01
1.5716e+04 4.5904e-01
1.5736e+04 4.5791e-01
1.5756e+04 4.4625e-01
1.5776e+04 4.1442e-01
1.5796e+04 4.4407e-01
1.5816e+04 4.4677e-01
1.5836e+04 4.4013e-01
1.5856e+04 4.6477e-01
1.5876e+04 4.4960e-01
1.5896e+04 4.0271e-01
1.5916e+04 4.4372e-01
1.5936e+04 4.6122e-01
1.5956e+04 4.5154e-01
1.5976e+04 4.3169e-01
1.5996e+04 4.3877e-01
1.6016e+04 4.3425e-01
1.6036e+04 4.4656e-01
1.6056e+04 4.5016e-01
1.6076e+04 4.4297e-01
1.6096e+04 4.5522e-01
1.6116e+04 4.4990e-01
1.6136e+04 4.5010e-01
1.6156e+04 4.4936e-01
1.6176e+04 4.4897e-01
1.6196e+04 4.0363e-01
1.6216e+04 4.1602e-01
1.6236e+04 4.3265e-01
1.6256e+04 4.2787e-01
1.6276e+04 4.5210e-01
1.6296e+04 4.5246e-01
1.6316e+04 4.4343e-01
1.6336e+04 4.4770e-01
1.6356e+04 4.4640e-01
1.6376e+04 4.3467e-01
1.6396e+04 4.1857e-01
1.6416e+04 4.1157e-01
1.6436e+04 4.2661e-01
1.6456e+04 4.2506e-01
1.6476e+04 4.3290e-01
1.6496e+04 4.3655e-01
1.6516e+04 4.4018e-01
1.6536e+04 4.1444e-01
1.6556e+04 4.2829e-01
1.6576e+04 4.3859e-01
1.6596e+04 4.3379e-01
1.6616e+04 4.1274e-01
1.6636e+04 4.1580e-01
1.6656e+04 4.0898e-01
1.6676e+04 4.1384e-01
1.6696e+04 4.2424e-01
1.6716e+04 4.1273e-01
1.6736e+04 4.1867e-01
1.6756e+04 4.0037e-01
1.6776e+04 4.2743e-01
1.6796e+04 4.2297e-01
1.6816e+04 4.1239e-01
1.6836e+04 4.0880e-01
1.6856e+04 4.0949e-01
1.6876e+04 4.0038e-01
1.6896e+04 3.9926e-01
1.6916e+04 4.1081e-01
1.6936e+04 4.1221e-01
1.6956e+04 4.0922e-01
1.6976e+04 4.0680e-01
1.6996e+04 4.0639e-01
1.7016e+04 3.9876e-01
1.7036e+04 4.1001e-01
1.7056e+04 4.0230e-01
1.7076e+04 3.7958e-01
1.7096e+04 3.8800e-01
1.7116e+04 3.6914e-01
1.7136e+04 3.9916e-01
1.7156e+04 4.0190e-01
1.7176e+04 3.9443e-01
1.7196e+04 3.9504e-01
1.7216e+04 3.8915e-01
1.7236e+04 3.8114e-01
1.7256e+04 3.9177e-01
1.7276e+04 3.9185e-01
1.7296e+04 3.8183e-01
1.7316e+04 3.7073e-01
1.7336e+04 3.6413e-01
1.7356e+04 3.6915e-01
1.7376e+04 3.7309e-01
1.7396e+04 3.7803e-01
1.7416e+04 3.6868e-01
1.7436e+04 3.7888e-01
1.7456e+04 3.7777e-01
1.7476e+04 3.7029e-01
1.7496e+04 3.7264e-01
1.7516e+04 3.6623e-01
1.7536e+04 3.5688e-01
1.7556e+04 3.6040e-01
1.7576e+04 3.6654e-01
1.7596e+04 3.6056e-01
1.7616e+04 3.4931e-01
1.7636e+04 3.6052e-01
1.7656e+04 3.6413e-01
1.7676e+04 3.6048e-01
1.7696e+04 3.5618e-01
1.7716e+04 3.4887e-01
1.7736e+04 3.4774e-01
1.7756e+04 3.4445e-01
1.7776e+04 3.3912e-01
1.7796e+04 3.4722e-01
1.7816e+04 3.4287e-01
1.7836e+04 3.3611e-01
1.7856e+04 3.3471e-01
1.7876e+04 3.4389e-01
1.7896e+04 3.4467e-01
1.7916e+04 3.4127e-01
1.7936e+04 3.3030e-01
1.7956e+04 3.3438e-01
1.7976e+04 3.3560e-01
1.7996e+04 3.3025e-01
1.8016e+04 3.1953e-01
1.8036e+04 3.1562e-01
1.8056e+04 3.2026e-01
1.8076e+04 3.2718e-01
1.8096e+04 3.2574e-01
1.8116e+04 3.2210e-01
1.8136e+04 3.2218e-01
1.8156e+04 3.2137e-01
1.8176e+04 3.2043e-01
1.8196e+04 3.1962e-01
1.8216e+04 3.1881e-01
1.8236e+04 3.1800e-01
1.8256e+04 3.1721e-01
1.8276e+04 3.1641e-01
1.8296e+04 3.1562e-01
1.8316e+04 3.1483e-01
1.8336e+04 3.1405e-01
1.8356e+04 3.1328e-01
1.8376e+04 3.1250e-01
1.8396e+04 3.1174e-01
1.8416e+04 3.1097e-01
1.8436e+04 3.1021e-01
1.8456e+04 3.0946e-01
1.8476e+04 3.0871e-01
1.8496e+04 3.0796e-01
1.8516e+04 3.0722e-01
1.8536e+04 3.0648e-01
1.8556e+04 3.0575e-01
1.8576e+04 3.0502e-01
1.8596e+04 3.0430e-01
1.8616e+04 3.0358e-01
1.8636e+04 3.0286e-01
1.8656e+04 3.0197e-01
1.8676e+04 3.0283e-01
1.8696e+04 3.0456e-01
1.8716e+04 3.0146e-01
1.8736e+04 3.0052e-01
1.8756e+04 2.8099e-01
1.8776e+04 2.8854e-01
1.8796e+04 2.9568e-01
1.8816e+04 2.9600e-01
1.8836e+04 2.9152e-01
1.8856e+04 2.7860e-01
1.8876e+04 2.8695e-01
1.8896e+04 2.8323e-01
1.8916e+04 2.8527e-01
1.8936e+04 2.8513e-01
1.8956e+04 2.7994e-01
1.8976e+04 2.8563e-01
1.8996e+04 2.8367e-01
1.9016e+04 2.8982e-01
1.9036e+04 2.8247e-01
1.9056e+04 2.8391e-01
1.9076e+04 2.8788e-01
1.9096e+04 2.7657e-01
1.9116e+04 2.7326e-01
1.9136e+04 2.8473e-01
1.9156e+04 2.8309e-01
1.9176e+04 2.7851e-01
1.9196e+04 2.8093e-01
1.9216e+04 2.8106e-01
1.9236e+04 2.7554e-01
1.9256e+04 2.7476e-01
1.9276e+04 2.6957e-01
1.9296e+04 2.6886e-01
1.9316e+04 2.5434e-01
1.9336e+04 2.6475e-01
1.9356e+04 2.6718e-01
1.9376e+04 2.6914e-01
1.9396e+04 2.6120e-01
1.9416e+04 2.6327e-01
1.9436e+04 2.5164e-01
1.9456e+04 2.3644e-01
1.9476e+04 2.5445e-01
1.9496e+04 2.5427e-01
1.9516e+04 2.4197e-01
1.9536e+04 2.5788e-01
1.9556e+04 2.5811e-01
1.9576e+04 2.5899e-01
1.9596e+04 2.5429e-01
1.9616e+04 2.5021e-01
1.9636e+04 2.4484e-01
1.9656e+04 2.5384e-01
1.9676e+04 2.5365e-01
1.9696e+04 2.5409e-01
1.9716e+04 2.4591e-01
1.9736e+04 2.3827e-01
1.9756e+04 2.4238e-01
1.9776e+04 2.2816e-01
1.9796e+04 2.3656e-01
1.9816e+04 2.4066e-01
1.9836e+04 2.4532e-01
1.9856e+04 2.3245e-01
1.9876e+04 2.3627e-01
1.9896e+04 2.4015e-01
1.9916e+04 2.3479e-01
1.9936e+04 2.2956e-01
1.9956e+04 2.3488e-01
1.9976e+04 2.3281e-01
1.9996e+04 2.3819e-01
2.0016e+04 2.3514e-01
2.0036e+04 2.3436e-01
2.0056e+04 2.3437e-01
2.0076e+04 2.3609e-01
2.0096e+04 2.3344e-01
2.0116e+04 2.3415e-01
2.0136e+04 2.3352e-01
2.0156e+04 2.3329e-01
2.0176e+04 2.3025e-01
2.0196e+04 2.2899e-01
2.0216e+04 2.2785e-01
2.0236e+04 2.2981e-01
2.0256e+04 2.2820e-01
2.0276e+04 2.2852e-01
2.0296e+04 2.2231e-01
2.0316e+04 2.2808e-01
2.0336e+04 2.2800e-01
2.0356e+04 2.2472e-01
2.0376e+04 2.2532e-01
2.0396e+04 2.2547e-01
2.0416e+04 2.2488e-01
2.0436e+04 2.2495e-01
2.0456e+04 2.2087e-01
2.0476e+04 2.2252e-01
2.0496e+04 2.1935e-01
2.0516e+04 2.2042e-01
2.0536e+04 2.1940e-01
2.0556e+04 2.1688e-01
2.0576e+04 2.1604e-01
2.0596e+04 2.1518e-01
2.0616e+04 2.1628e-01
2.0636e+04 2.1249e-01
2.0656e+04 2.1564e-01
2.0676e+04 2.1504e-01
2.0696e+04 2.1158e-01
2.0716e+04 2.1071e-01
2.0736e+04 2.0964e-01
2.0756e+04 2.1292e-01
2.0776e+04 2.1379e-01
2.0796e+04 2.1010e-01
2.0816e+04 2.0785e-01
2.0836e+04 2.0970e-01
2.0856e+04 2.0685e-01
2.0876e+04 2.0902e-01
2.0896e+04 2.0816e-01
2.0916e+04 2.0671e-01
2.0936e+04 2.0764e-01
2.0956e+04 2.0489e-01
2.0976e+04 2.0542e-01
2.0996e+04 2.0706e-01
2.1016e+04 2.0449e-01
2.1036e+04 2.0508e-01
2.1056e+04 1.9956e-01
2.1076e+04 1.9814e-01
2.1096e+04 1.9737e-01
2.1116e+04 1.9979e-01
2.1136e+04 1.9839e-01
2.1156e+04 1.9589e-01
2.1176e+04 1.9361e-01
2.1196e+04 1.9592e-01
2.1216e+04 1.9402e-01
2.1236e+04 1.9740e-01
2.1256e+04 1.9604e-01
2.1276e+04 1.9631e-01
2.1296e+04 1.9641e-01
2.1316e+04 1.9703e-01
2.1336e+04 1.9442e-01
2.1356e+04 1.9191e-01
2.1376e+04 1.9441e-01
2.1396e+04 1.9332e-01
2.1416e+04 1.9325e-01
2.1436e+04 1.9016e-01
2.1456e+04 1.8757e-01
2.1476e+04 1.9044e-01
2.1496e+04 1.8800e-01
2.1516e+04 1.9020e-01
2.1536e+04 1.8795e-01
2.1556e+04 1.8814e-01
2.1576e+04 1.8712e-01
2.1596e+04 1.8726e-01
2.1616e+04 1.8704e-01
2.1636e+04 1.8557e-01
2.1656e+04 1.8296e-01
2.1676e+04 1.8464e-01
2.1696e+04 1.8506e-01
2.1716e+04 1.8425e-01
2.1736e+04 1.8283e-01
2.1756e+04 1.8319e-01
2.1776e+04 1.7935e-01
2.1796e+04 1.7760e-01
2.1816e+04 1.7865e-01
2.1836e+04 1.7900e-01
2.1856e+04 1.7876e-01
2.1876e+04 1.7654e-01
2.1896e+04 1.7485e-01
2.1916e+04 1.7875e-01
2.1936e+04 1.7873e-01
2.1956e+04 1.7845e-01
2.1976e+04 1.7772e-01
2.1996e+04 1.7502e-01
2.2016e+04 1.7259e-01
2.2036e+04 1.7457e-01
2.2056e+04 1.6608e-01
2.2076e+04 1.6755e-01
2.2096e+04 1.6961e-01
2.2116e+04 1.7479e-01
2.2136e+04 1.7386e-01
2.2156e+04 1.7312e-01
2.2176e+04 1.7336e-01
2.2196e+04 1.7253e-01
2.2216e+04 1.6860e-01
2.2236e+04 1.6911e-01
2.2256e+04 1.6796e-01
2.2276e+04 1.6317e-01
2.2296e+04 1.6805e-01
2.2316e+04 1.6675e-01
2.2336e+04 1.6869e-01
2.2356e+04 1.6651e-01
2.2376e+04 1.6544e-01
2.2396e+04 1.6169e-01
2.2416e+04 1.6414e-01
2.2436e+04 1.6414e-01
2.2456e+04 1.6365e-01
2.2476e+04 1.6301e-01
2.2496e+04 1.6345e-01
2.2516e+04 1.6269e-01
2.2536e+04 1.6174e-01
2.2556e+04 1.6207e-01
2.2576e+04 1.6123e-01
2.2596e+04 1.6155e-01
2.2616e+04 1.5560e-01
2.2636e+04 1.5197e-01
2.2656e+04 1.5276e-01
2.2676e+04 1.5756e-01
2.2696e+04 1.5788e-01
2.2716e+04 1.5775e-01
2.2736e+04 1.5715e-01
2.2756e+04 1.5624e-01
2.2776e+04 1.5686e-01
2.2796e+04 1.5502e-01
2.2816e+04 1.5021e-01
2.2836e+04 1.5359e-01
2.2856e+04 1.5392e-01
2.2876e+04 1.5406e-01
2.2896e+04 1.5220e-01
2.2916e+04 1.5291e-01
2.2936e+04 1.2295e-01
2.2956e+04 1.2184e-01
2.2976e+04 1.3001e-01
2.2996e+04 1.3468e-01
2.3016e+04 1.4094e-01
2.3036e+04 1.4037e-01
2.3056e+04 1.3899e-01
2.3076e+04 1.3993e-01
2.3096e+04 1.3994e-01
2.3116e+04 1.3983e-01
2.3136e+04 1.3896e-01
2.3156e+04 1.3881e-01
2.3176e+04 1.3745e-01
2.3196e+04 1.3942e-01
2.3216e+04 1.3321e-01
2.3236e+04 1.0567e-01
2.3256e+04 1.1870e-01
2.3276e+04 1.2419e-01
2.3296e+04 1.2631e-01
2.3316e+04 1.2880e-01
2.3336e+04 1.3066e-01
2.3356e+04 1.2941e-01
2.3376e+04 1.2824e-01
2.3396e+04 1.2820e-01
2.3416e+04 1.2869e-01
2.3436e+04 1.2830e-01
2.3456e+04 1.1572e-01
2.3476e+04 1.2354e-01
2.3496e+04 1.2322e-01
2.3516e+04 1.1610e-01
2.3536e+04 9.7600e-02
2.3556e+04 1.0916e-01
2.3576e+04 1.1406e-01
2.3596e+04 1.1563e-01
2.3616e+04 1.1847e-01
2.3636e+04 1.1679e-01
2.3656e+04 1.1815e-01
2.3676e+04 1.2106e-01
2.3696e+04 1.2160e-01
2.3716e+04 1.1991e-01
2.3736e+04 1.1212e-01
2.3756e+04 1.1123e-01
2.3776e+04 1.1374e-01
2.3796e+04 1.1472e-01
2.3816e+04 1.1261e-01
2.3836e+04 9.3392e-02
2.3856e+04 1.0172e-01
2.3876e+04 1.0617e-01
2.3896e+04 1.0950e-01
2.3916e+04 1.0912e-01
2.3936e+04 1.1172e-01
2.3956e+04 1.1074e-01
2.3976e+04 1.1253e-01
2.3996e+04 9.9264e-02
2.8781e+04 6.3068e-02
3.8147e+04 2.5108e-02
5.0559e+04 7.6819e-03
6.7011e+04 2.9645e-03
8.8816e+04 1.1161e-04
1.2000e+06 1.5028e-07
