  9.10000e+01  3.54744e-03
  9.40000e+01  3.54246e-03
  9.60000e+01  3.51651e-03
  9.80000e+01  3.49169e-03
  1.00000e+02  3.46848e-03
  1.02000e+02  3.44662e-03
  1.04000e+02  3.42597e-03
  1.06000e+02  3.40605e-03
  1.08000e+02  3.38773e-03
  1.10000e+02  3.37013e-03
  1.14000e+02  3.33773e-03
  1.18000e+02  3.27975e-03
  1.21000e+02  3.23949e-03
  1.25000e+02  3.18993e-03
  1.27000e+02  3.16636e-03
  1.28000e+02  3.15497e-03
  1.31000e+02  3.12255e-03
  1.32000e+02  3.11223e-03
  1.34000e+02  3.09121e-03
  1.37000e+02  3.05931e-03
  1.40000e+02  3.03052e-03
  1.43000e+02  3.00319e-03
  1.47000e+02  2.96956e-03
  1.51000e+02  2.93924e-03
  1.55000e+02  2.91201e-03
  1.59000e+02  2.88742e-03
  1.62000e+02  2.87109e-03
  1.66000e+02  2.85206e-03
  1.70000e+02  2.83515e-03
  1.73000e+02  2.82432e-03
  1.77000e+02  2.81249e-03
  1.80000e+02  2.80452e-03
  1.82000e+02  2.80069e-03
  1.86000e+02  2.79358e-03
  1.91000e+02  2.78409e-03
  1.94000e+02  2.77829e-03
  1.98000e+02  2.77208e-03
  2.02000e+02  2.76818e-03
  2.05000e+02  2.76674e-03
  2.10000e+02  2.76626e-03
  2.16000e+02  2.76930e-03
  2.20000e+02  2.77357e-03
  2.23000e+02  2.77775e-03
  2.27000e+02  2.78534e-03
  2.30000e+02  1.39678e-02
  2.34000e+02  1.36568e-02
  2.40000e+02  1.33682e-02
  2.46000e+02  1.32507e-02
  2.52000e+02  1.30887e-02
  2.57000e+02  1.22158e-02
  2.60000e+02  1.26147e-02
  2.64000e+02  1.26025e-02
  2.69000e+02  1.23390e-02
  2.74000e+02  1.21132e-02
  2.79000e+02  1.17658e-02
  2.84000e+02  1.16538e-02
  2.90000e+02  1.14141e-02
  2.96000e+02  1.09849e-02
  3.01000e+02  9.94466e-03
  3.08000e+02  9.99798e-03
  3.18000e+02  1.04018e-02
  3.28000e+02  1.01586e-02
  3.38000e+02  9.87423e-03
  3.48000e+02  9.65327e-03
  3.57000e+02  9.61325e-03
  3.66000e+02  9.66719e-03
  3.75000e+02  9.56864e-03
  3.85000e+02  9.29334e-03
  3.95000e+02  9.54673e-03
  4.05000e+02  9.69508e-03
  4.14000e+02  9.68869e-03
  4.22000e+02  9.61012e-03
  4.30000e+02  9.64502e-03
  4.41000e+02  9.86005e-03
  4.51000e+02  9.95521e-03
  4.60000e+02  9.93801e-03
  4.70000e+02  1.00535e-02
  4.80000e+02  1.02890e-02
  4.90000e+02  1.03332e-02
  5.00000e+02  1.06892e-02
  5.06000e+02  1.10518e-02
  5.12000e+02  1.22930e-02
  5.20000e+02  1.24559e-02
  5.30000e+02  1.27430e-02
  5.40000e+02  1.27271e-02
  5.50000e+02  1.30600e-02
  5.60000e+02  1.38088e-02
  5.70000e+02  1.42759e-02
  5.80000e+02  1.45702e-02
  5.90000e+02  1.51163e-02
  6.00000e+02  1.53875e-02
  6.10000e+02  1.57059e-02
  6.20000e+02  1.65210e-02
  6.30000e+02  1.69802e-02
  6.40000e+02  1.77006e-02
  6.50000e+02  1.82232e-02
  6.58000e+02  1.85419e-02
  6.65000e+02  1.92468e-02
  6.75000e+02  2.00146e-02
  6.85000e+02  2.04335e-02
  6.95000e+02  2.14829e-02
  7.05000e+02  2.18883e-02
  7.16000e+02  2.32109e-02
  7.26000e+02  2.41423e-02
  7.35000e+02  2.49908e-02
  7.45000e+02  2.58857e-02
  7.55000e+02  2.68458e-02
  7.65000e+02  2.76903e-02
  7.75000e+02  2.90108e-02
  7.85000e+02  3.00574e-02
  7.95000e+02  3.13299e-02
  8.05000e+02  3.27580e-02
  8.15000e+02  3.41561e-02
  8.25000e+02  3.56327e-02
  8.35000e+02  3.64508e-02
  8.45000e+02  3.86487e-02
  8.55000e+02  4.01666e-02
  8.65000e+02  4.20660e-02
  8.75000e+02  4.38866e-02
  8.85000e+02  4.57552e-02
  8.95000e+02  4.77061e-02
  9.05000e+02  4.94223e-02
  9.15000e+02  7.60109e-02
  9.25000e+02  1.21588e-01
  9.35000e+02  1.64116e-01
  9.45000e+02  2.17157e-01
  9.55000e+02  2.47772e-01
  9.65000e+02  2.84825e-01
  9.75000e+02  1.91765e-01
  9.85000e+02  2.99289e-01
  9.95000e+02  2.98116e-01
  1.00500e+03  3.35640e-01
  1.01500e+03  3.31072e-01
  1.02500e+03  2.42191e-01
  1.03500e+03  3.29609e-01
  1.04500e+03  3.95400e-01
  1.05500e+03  4.10676e-01
  1.06500e+03  4.00318e-01
  1.07500e+03  4.26752e-01
  1.08500e+03  4.09017e-01
  1.09500e+03  4.54480e-01
  1.10500e+03  4.94608e-01
  1.11500e+03  5.22991e-01
  1.12500e+03  5.32520e-01
  1.13500e+03  5.71237e-01
  1.14500e+03  5.67701e-01
  1.15500e+03  5.95526e-01
  1.16500e+03  6.18582e-01
  1.17500e+03  5.74846e-01
  1.18500e+03  6.10411e-01
  1.19500e+03  5.50995e-01
  1.20500e+03  5.41857e-01
  1.21500e+03  4.25637e-01
  1.22500e+03  5.67857e-01
  1.23500e+03  6.54406e-01
  1.24500e+03  7.29432e-01
  1.25500e+03  7.66115e-01
  1.26500e+03  7.20014e-01
  1.27500e+03  8.77786e-01
  1.28500e+03  9.52547e-01
  1.29500e+03  9.21783e-01
  1.30500e+03  8.59766e-01
  1.31500e+03  9.88807e-01
  1.32500e+03  1.01664e+00
  1.33500e+03  9.72617e-01
  1.34500e+03  1.08038e+00
  1.35500e+03  1.06373e+00
  1.36500e+03  1.01853e+00
  1.37500e+03  1.07319e+00
  1.38500e+03  1.07984e+00
  1.39500e+03  1.07320e+00
  1.40500e+03  1.06888e+00
  1.41500e+03  1.06957e+00
  1.42500e+03  1.10421e+00
  1.43500e+03  1.07457e+00
  1.44200e+03  1.12108e+00
  1.44700e+03  1.16416e+00
  1.45500e+03  1.15160e+00
  1.46500e+03  1.10685e+00
  1.47500e+03  1.09378e+00
  1.48500e+03  1.12754e+00
  1.49500e+03  1.15752e+00
  1.50500e+03  1.15966e+00
  1.51200e+03  1.10737e+00
  1.51700e+03  1.14637e+00
  1.52500e+03  1.09684e+00
  1.53500e+03  1.04648e+00
  1.54500e+03  1.14333e+00
  1.55500e+03  1.09312e+00
  1.56500e+03  1.07502e+00
  1.57500e+03  1.12452e+00
  1.58500e+03  1.16352e+00
  1.59500e+03  1.19732e+00
  1.60500e+03  1.15860e+00
  1.61500e+03  1.14892e+00
  1.62500e+03  1.09805e+00
  1.63500e+03  1.12375e+00
  1.64500e+03  1.13501e+00
  1.65500e+03  1.07056e+00
  1.66500e+03  1.15261e+00
  1.67200e+03  1.01576e+00
  1.67700e+03  1.16179e+00
  1.68500e+03  1.20768e+00
  1.69500e+03  1.15316e+00
  1.70500e+03  1.12972e+00
  1.71500e+03  1.12502e+00
  1.72500e+03  1.12135e+00
  1.73500e+03  1.15972e+00
  1.74500e+03  1.14677e+00
  1.75500e+03  1.19953e+00
  1.76500e+03  1.10964e+00
  1.77500e+03  1.16530e+00
  1.78500e+03  1.15847e+00
  1.79500e+03  1.21961e+00
  1.80500e+03  1.18892e+00
  1.81500e+03  1.17741e+00
  1.82500e+03  1.15682e+00
  1.83500e+03  1.12993e+00
  1.84500e+03  1.08201e+00
  1.85500e+03  1.10788e+00
  1.86500e+03  1.12173e+00
  1.87500e+03  1.13718e+00
  1.88500e+03  1.12242e+00
  1.89500e+03  1.12431e+00
  1.90500e+03  1.10633e+00
  1.91500e+03  1.11949e+00
  1.92500e+03  1.11438e+00
  1.93500e+03  1.08200e+00
  1.94500e+03  1.13191e+00
  1.95500e+03  1.11714e+00
  1.96700e+03  1.14874e+00
  1.97600e+03  1.14262e+00
  1.98400e+03  1.12225e+00
  1.99500e+03  1.09995e+00
  2.00500e+03  1.09035e+00
  2.01500e+03  1.07137e+00
  2.02500e+03  1.06712e+00
  2.03500e+03  1.07741e+00
  2.04500e+03  1.10036e+00
  2.05500e+03  9.97186e-01
  2.06500e+03  1.01151e+00
  2.07400e+03  1.09938e+00
  2.07800e+03  1.11246e+00
  2.08500e+03  1.10675e+00
  2.09500e+03  1.08315e+00
  2.10500e+03  1.05909e+00
  2.11500e+03  1.06262e+00
  2.12500e+03  1.06917e+00
  2.13500e+03  1.00009e+00
  2.14500e+03  1.04368e+00
  2.15500e+03  1.05104e+00
  2.16500e+03  1.01710e+00
  2.17500e+03  1.01410e+00
  2.18500e+03  1.01438e+00
  2.19500e+03  1.04485e+00
  2.20500e+03  1.02200e+00
  2.21500e+03  9.78416e-01
  2.22500e+03  9.72775e-01
  2.23500e+03  1.02110e+00
  2.24500e+03  9.80363e-01
  2.25500e+03  9.54648e-01
  2.26500e+03  9.63453e-01
  2.27500e+03  9.83369e-01
  2.28500e+03  1.00103e+00
  2.29500e+03  9.68834e-01
  2.30500e+03  9.64416e-01
  2.31500e+03  9.51835e-01
  2.32500e+03  8.56855e-01
  2.33500e+03  9.12625e-01
  2.34500e+03  8.78490e-01
  2.35500e+03  9.39645e-01
  2.36500e+03  8.79829e-01
  2.37500e+03  9.06114e-01
  2.38500e+03  8.43888e-01
  2.39500e+03  8.84727e-01
  2.40500e+03  8.69366e-01
  2.41500e+03  8.78858e-01
  2.42500e+03  9.17559e-01
  2.43500e+03  9.01209e-01
  2.44500e+03  9.26714e-01
  2.45500e+03  9.15738e-01
  2.46500e+03  9.13626e-01
  2.47500e+03  8.92322e-01
  2.48500e+03  9.01388e-01
  2.49500e+03  8.79573e-01
  2.50500e+03  9.35009e-01
  2.51300e+03  8.55021e-01
  2.51800e+03  8.70232e-01
  2.52500e+03  8.50877e-01
  2.53500e+03  8.53302e-01
  2.54500e+03  8.53379e-01
  2.55500e+03  8.86814e-01
  2.56500e+03  8.74874e-01
  2.57500e+03  9.02225e-01
  2.58500e+03  8.97925e-01
  2.59500e+03  8.86036e-01
  2.60500e+03  8.68447e-01
  2.61500e+03  8.57661e-01
  2.62500e+03  8.91418e-01
  2.63500e+03  9.02020e-01
  2.64500e+03  9.54365e-01
  2.65500e+03  9.61000e-01
  2.66500e+03  9.08273e-01
  2.67500e+03  9.29999e-01
  2.68500e+03  9.29864e-01
  2.69500e+03  9.01398e-01
  2.70500e+03  9.18272e-01
  2.71500e+03  8.87882e-01
  2.72500e+03  8.86554e-01
  2.73500e+03  9.06456e-01
  2.74500e+03  8.38179e-01
  2.75500e+03  8.50959e-01
  2.76500e+03  8.66915e-01
  2.77500e+03  8.91936e-01
  2.78500e+03  8.55412e-01
  2.79500e+03  7.35794e-01
  2.80500e+03  7.65327e-01
  2.81500e+03  8.85549e-01
  2.82500e+03  9.12644e-01
  2.83500e+03  8.98523e-01
  2.84500e+03  8.81155e-01
  2.85500e+03  8.59552e-01
  2.86500e+03  9.01636e-01
  2.87500e+03  8.97862e-01
  2.88500e+03  8.98870e-01
  2.89500e+03  8.90305e-01
  2.91000e+03  9.36517e-01
  2.93000e+03  9.13105e-01
  2.95000e+03  9.04358e-01
  2.97000e+03  9.11440e-01
  2.99000e+03  9.13236e-01
  3.01000e+03  9.18236e-01
  3.03000e+03  9.13236e-01
  3.05000e+03  9.11615e-01
  3.07000e+03  9.12370e-01
  3.09000e+03  9.15597e-01
  3.11000e+03  9.09469e-01
  3.13000e+03  9.02298e-01
  3.15000e+03  9.05233e-01
  3.17000e+03  9.04195e-01
  3.19000e+03  8.77244e-01
  3.21000e+03  8.88403e-01
  3.23000e+03  8.71443e-01
  3.25000e+03  8.92584e-01
  3.27000e+03  9.04861e-01
  3.29000e+03  9.01664e-01
  3.31000e+03  9.00351e-01
  3.33000e+03  8.93555e-01
  3.35000e+03  8.84735e-01
  3.37000e+03  8.67391e-01
  3.39000e+03  8.69400e-01
  3.41000e+03  8.71824e-01
  3.43000e+03  8.70697e-01
  3.45000e+03  8.70256e-01
  3.47000e+03  8.67766e-01
  3.49000e+03  8.71984e-01
  3.51000e+03  8.78493e-01
  3.53000e+03  8.66930e-01
  3.55000e+03  8.78413e-01
  3.57000e+03  8.45194e-01
  3.59000e+03  8.41830e-01
  3.61000e+03  8.54064e-01
  3.63000e+03  8.56082e-01
  3.64000e+03  8.53103e-01
  3.65000e+03  8.79792e-01
  3.67000e+03  8.67704e-01
  3.69000e+03  8.34058e-01
  3.71000e+03  8.73465e-01
  3.71559e+03  8.67588e-01
  3.71590e+03  8.67263e-01
  3.71621e+03  8.66937e-01
  3.71653e+03  8.66612e-01
  3.71684e+03  8.66287e-01
  3.71715e+03  8.65962e-01
  3.71746e+03  8.65637e-01
  3.71777e+03  8.65312e-01
  3.71808e+03  8.64987e-01
  3.71839e+03  8.64662e-01
  3.71870e+03  8.64338e-01
  3.71901e+03  8.64013e-01
  3.71932e+03  8.63689e-01
  3.71963e+03  8.63365e-01
  3.71994e+03  8.63040e-01
  3.72025e+03  8.62716e-01
  3.72056e+03  8.62392e-01
  3.72087e+03  8.62068e-01
  3.72119e+03  8.61745e-01
  3.72150e+03  8.61421e-01
  3.72181e+03  8.61097e-01
  3.72212e+03  8.60773e-01
  3.72243e+03  8.60450e-01
  3.72274e+03  8.60127e-01
  3.72305e+03  8.59804e-01
  3.72336e+03  8.59480e-01
  3.72367e+03  8.59157e-01
  3.72398e+03  8.58834e-01
  3.72429e+03  8.58511e-01
  3.72460e+03  8.58189e-01
  3.72491e+03  8.57866e-01
  3.72522e+03  8.57543e-01
  3.72553e+03  8.57221e-01
  3.72585e+03  8.56898e-01
  3.72616e+03  8.56576e-01
  3.72647e+03  8.56254e-01
  3.72678e+03  8.55932e-01
  3.72709e+03  8.55610e-01
  3.72740e+03  8.55288e-01
  3.72771e+03  8.54966e-01
  3.72802e+03  8.54644e-01
  3.72833e+03  8.54323e-01
  3.72864e+03  8.54001e-01
  3.72895e+03  8.53680e-01
  3.72926e+03  8.53358e-01
  3.72957e+03  8.53037e-01
  3.72988e+03  8.52716e-01
  3.73000e+03  8.52596e-01
  3.73019e+03  8.53587e-01
  3.73051e+03  8.55169e-01
  3.73082e+03  8.56749e-01
  3.73113e+03  8.58330e-01
  3.73144e+03  8.59910e-01
  3.73175e+03  8.61490e-01
  3.73206e+03  8.63068e-01
  3.73237e+03  8.64647e-01
  3.73268e+03  8.66224e-01
  3.73299e+03  8.67801e-01
  3.73330e+03  8.69377e-01
  3.73361e+03  8.70954e-01
  3.73392e+03  8.72529e-01
  3.73423e+03  8.74105e-01
  3.73454e+03  8.75679e-01
  3.73485e+03  8.77253e-01
  3.73517e+03  8.78826e-01
  3.73548e+03  8.80399e-01
  3.73579e+03  8.81971e-01
  3.73610e+03  8.83544e-01
  3.73641e+03  8.85114e-01
  3.73672e+03  8.86686e-01
  3.73703e+03  8.88255e-01
  3.73734e+03  8.89825e-01
  3.73765e+03  8.91394e-01
  3.73796e+03  8.92963e-01
  3.73827e+03  8.94531e-01
  3.73858e+03  8.96099e-01
  3.73889e+03  8.97665e-01
  3.73920e+03  8.99232e-01
  3.73951e+03  9.00798e-01
  3.73983e+03  9.02364e-01
  3.74014e+03  9.03928e-01
  3.75000e+03  9.53338e-01
  3.77000e+03  9.88459e-01
  3.79000e+03  1.09593e+00
  3.81000e+03  1.19397e+00
  3.83000e+03  1.00734e+00
  3.85000e+03  1.24877e+00
  3.87000e+03  1.34015e+00
  3.89000e+03  9.80071e-01
  3.91000e+03  1.36057e+00
  3.93000e+03  1.21168e+00
  3.95000e+03  1.31900e+00
  3.97000e+03  9.07343e-01
  3.99000e+03  1.35462e+00
  4.01000e+03  1.45366e+00
  4.03000e+03  1.44729e+00
  4.05000e+03  1.43977e+00
  4.07000e+03  1.39260e+00
  4.09000e+03  1.23984e+00
  4.11000e+03  1.06248e+00
  4.13000e+03  1.35944e+00
  4.15000e+03  1.39797e+00
  4.17000e+03  1.39666e+00
  4.19000e+03  1.38564e+00
  4.21000e+03  1.38285e+00
  4.23000e+03  1.36480e+00
  4.25000e+03  1.36438e+00
  4.27000e+03  1.33397e+00
  4.29000e+03  1.32133e+00
  4.31000e+03  1.24986e+00
  4.33000e+03  1.12436e+00
  4.35000e+03  1.02616e+00
  4.37000e+03  1.29754e+00
  4.39000e+03  1.29427e+00
  4.41000e+03  1.30247e+00
  4.43000e+03  1.30579e+00
  4.45000e+03  1.30874e+00
  4.47000e+03  1.30363e+00
  4.49000e+03  1.30318e+00
  4.51000e+03  1.33347e+00
  4.53000e+03  1.28992e+00
  4.55000e+03  1.28149e+00
  4.57000e+03  1.30703e+00
  4.59000e+03  1.27751e+00
  4.61000e+03  1.28587e+00
  4.63000e+03  1.26242e+00
  4.65000e+03  1.26546e+00
  4.67000e+03  1.26594e+00
  4.69000e+03  1.23787e+00
  4.71000e+03  1.21667e+00
  4.73000e+03  1.23944e+00
  4.75000e+03  1.24160e+00
  4.77000e+03  1.23184e+00
  4.79000e+03  1.22123e+00
  4.81000e+03  1.20364e+00
  4.83000e+03  1.18261e+00
  4.84375e+03  1.08406e+00
  4.84396e+03  1.08261e+00
  4.84416e+03  1.08117e+00
  4.84436e+03  1.07973e+00
  4.84456e+03  1.07828e+00
  4.84477e+03  1.07684e+00
  4.84497e+03  1.07540e+00
  4.84517e+03  1.07396e+00
  4.84537e+03  1.07251e+00
  4.84558e+03  1.07107e+00
  4.84578e+03  1.06963e+00
  4.84598e+03  1.06819e+00
  4.84619e+03  1.06674e+00
  4.84639e+03  1.06530e+00
  4.84659e+03  1.06386e+00
  4.84679e+03  1.06242e+00
  4.84700e+03  1.06098e+00
  4.84720e+03  1.05954e+00
  4.84740e+03  1.05810e+00
  4.84760e+03  1.05666e+00
  4.84781e+03  1.05522e+00
  4.84801e+03  1.05378e+00
  4.84821e+03  1.05234e+00
  4.84841e+03  1.05090e+00
  4.84862e+03  1.04947e+00
  4.84882e+03  1.04803e+00
  4.84902e+03  1.04659e+00
  4.84922e+03  1.04515e+00
  4.84943e+03  1.04371e+00
  4.84963e+03  1.04227e+00
  4.84983e+03  1.04084e+00
  4.85000e+03  1.03965e+00
  4.85004e+03  1.03944e+00
  4.85024e+03  1.03820e+00
  4.85044e+03  1.03697e+00
  4.85064e+03  1.03573e+00
  4.85085e+03  1.03450e+00
  4.85105e+03  1.03326e+00
  4.85125e+03  1.03203e+00
  4.85145e+03  1.03079e+00
  4.85166e+03  1.02956e+00
  4.85186e+03  1.02833e+00
  4.85206e+03  1.02709e+00
  4.85226e+03  1.02586e+00
  4.85247e+03  1.02463e+00
  4.85267e+03  1.02339e+00
  4.85287e+03  1.02216e+00
  4.85308e+03  1.02093e+00
  4.85328e+03  1.01970e+00
  4.85348e+03  1.01846e+00
  4.85368e+03  1.01723e+00
  4.85389e+03  1.01600e+00
  4.85409e+03  1.01477e+00
  4.85429e+03  1.01354e+00
  4.85449e+03  1.01231e+00
  4.85470e+03  1.01108e+00
  4.85490e+03  1.00985e+00
  4.85510e+03  1.00862e+00
  4.85530e+03  1.00739e+00
  4.85551e+03  1.00616e+00
  4.85571e+03  1.00493e+00
  4.85591e+03  1.00369e+00
  4.85612e+03  1.00247e+00
  4.85632e+03  1.00124e+00
  4.85652e+03  1.00001e+00
  4.85672e+03  9.98779e-01
  4.85693e+03  9.97551e-01
  4.85713e+03  9.96322e-01
  4.85733e+03  9.95094e-01
  4.85753e+03  9.93867e-01
  4.85774e+03  9.92639e-01
  4.85794e+03  9.91411e-01
  4.85814e+03  9.90184e-01
  4.85834e+03  9.88957e-01
  4.85855e+03  9.87730e-01
  4.85875e+03  9.86504e-01
  4.85895e+03  9.85277e-01
  4.85916e+03  9.84048e-01
  4.85936e+03  9.82822e-01
  4.85956e+03  9.81596e-01
  4.85976e+03  9.80371e-01
  4.85997e+03  9.79145e-01
  4.86017e+03  9.77920e-01
  4.86037e+03  9.76695e-01
  4.86057e+03  9.75470e-01
  4.86078e+03  9.74246e-01
  4.86098e+03  9.73021e-01
  4.86118e+03  9.71797e-01
  4.86138e+03  9.70573e-01
  4.86159e+03  9.69350e-01
  4.86179e+03  9.68126e-01
  4.86199e+03  9.66903e-01
  4.86220e+03  9.65679e-01
  4.86240e+03  9.64453e-01
  4.86260e+03  9.63231e-01
  4.86280e+03  9.62008e-01
  4.86301e+03  9.60786e-01
  4.86321e+03  9.59563e-01
  4.86341e+03  9.58341e-01
  4.86361e+03  9.57120e-01
  4.86382e+03  9.55898e-01
  4.86402e+03  9.54677e-01
  4.86422e+03  9.53455e-01
  4.86442e+03  9.52235e-01
  4.86463e+03  9.51014e-01
  4.86483e+03  9.49793e-01
  4.86503e+03  9.48573e-01
  4.86524e+03  9.47353e-01
  4.86544e+03  9.46133e-01
  4.86564e+03  9.44913e-01
  4.86584e+03  9.43690e-01
  4.86605e+03  9.42471e-01
  4.86625e+03  9.41252e-01
  4.86645e+03  9.40033e-01
  4.86665e+03  9.38814e-01
  4.86686e+03  9.37595e-01
  4.86706e+03  9.36377e-01
  4.86726e+03  9.35159e-01
  4.86746e+03  9.33941e-01
  4.86767e+03  9.32723e-01
  4.86787e+03  9.31505e-01
  4.86807e+03  9.30288e-01
  4.86828e+03  9.29071e-01
  4.86848e+03  9.27854e-01
  4.86868e+03  9.26637e-01
  4.86888e+03  9.25420e-01
  4.86909e+03  9.24201e-01
  4.86929e+03  9.22985e-01
  4.86949e+03  9.21769e-01
  4.86969e+03  9.20553e-01
  4.86990e+03  9.19338e-01
  4.87000e+03  9.18720e-01
  4.87010e+03  9.19816e-01
  4.87030e+03  9.22046e-01
  4.87050e+03  9.24276e-01
  4.87071e+03  9.26505e-01
  4.87091e+03  9.28734e-01
  4.87111e+03  9.30962e-01
  4.87132e+03  9.33190e-01
  4.87152e+03  9.35418e-01
  4.87172e+03  9.37646e-01
  4.87192e+03  9.39873e-01
  4.87213e+03  9.42099e-01
  4.87233e+03  9.44331e-01
  4.87253e+03  9.46557e-01
  4.87273e+03  9.48782e-01
  4.87294e+03  9.51007e-01
  4.87314e+03  9.53232e-01
  4.87334e+03  9.55457e-01
  4.87354e+03  9.57681e-01
  4.87375e+03  9.59904e-01
  4.87395e+03  9.62128e-01
  4.87415e+03  9.64351e-01
  4.87436e+03  9.66573e-01
  4.87456e+03  9.68795e-01
  4.87476e+03  9.71017e-01
  4.87496e+03  9.73238e-01
  4.87517e+03  9.75460e-01
  4.87537e+03  9.77680e-01
  4.87557e+03  9.79906e-01
  4.87577e+03  9.82126e-01
  4.87598e+03  9.84345e-01
  4.87618e+03  9.86565e-01
  4.87638e+03  9.88783e-01
  4.87658e+03  9.91002e-01
  4.87679e+03  9.93220e-01
  4.87699e+03  9.95438e-01
  4.87719e+03  9.97655e-01
  4.87740e+03  9.99872e-01
  4.87760e+03  1.00209e+00
  4.87780e+03  1.00430e+00
  4.87800e+03  1.00652e+00
  4.87821e+03  1.00874e+00
  4.87841e+03  1.01095e+00
  4.87861e+03  1.01317e+00
  4.87881e+03  1.01539e+00
  4.87902e+03  1.01760e+00
  4.87922e+03  1.01981e+00
  4.87942e+03  1.02203e+00
  4.87962e+03  1.02424e+00
  4.87983e+03  1.02645e+00
  4.88003e+03  1.02866e+00
  4.88023e+03  1.03088e+00
  4.88044e+03  1.03309e+00
  4.88064e+03  1.03530e+00
  4.88084e+03  1.03751e+00
  4.88104e+03  1.03972e+00
  4.88125e+03  1.04193e+00
  4.88145e+03  1.04414e+00
  4.88165e+03  1.04635e+00
  4.88185e+03  1.04856e+00
  4.88206e+03  1.05077e+00
  4.88226e+03  1.05298e+00
  4.88246e+03  1.05519e+00
  4.88267e+03  1.05739e+00
  4.88287e+03  1.05960e+00
  4.88307e+03  1.06181e+00
  4.88327e+03  1.06401e+00
  4.88348e+03  1.06622e+00
  4.88368e+03  1.06842e+00
  4.88388e+03  1.07063e+00
  4.88408e+03  1.07283e+00
  4.89000e+03  1.13704e+00
  4.91000e+03  1.16090e+00
  4.93000e+03  1.14799e+00
  4.95000e+03  1.16590e+00
  4.97000e+03  1.15992e+00
  4.98616e+03  1.13576e+00
  4.98637e+03  1.13545e+00
  4.98657e+03  1.13514e+00
  4.98678e+03  1.13483e+00
  4.98699e+03  1.13452e+00
  4.98720e+03  1.13421e+00
  4.98741e+03  1.13391e+00
  4.98762e+03  1.13360e+00
  4.98783e+03  1.13329e+00
  4.98803e+03  1.13298e+00
  4.98824e+03  1.13267e+00
  4.98845e+03  1.13236e+00
  4.98866e+03  1.13205e+00
  4.98887e+03  1.13174e+00
  4.98908e+03  1.13143e+00
  4.98929e+03  1.13112e+00
  4.98950e+03  1.13081e+00
  4.98970e+03  1.13050e+00
  4.98991e+03  1.13019e+00
  4.99000e+03  1.13006e+00
  4.99012e+03  1.12990e+00
  4.99033e+03  1.12961e+00
  4.99054e+03  1.12933e+00
  4.99075e+03  1.12905e+00
  4.99096e+03  1.12876e+00
  4.99116e+03  1.12848e+00
  4.99137e+03  1.12820e+00
  4.99158e+03  1.12792e+00
  4.99179e+03  1.12763e+00
  4.99200e+03  1.12735e+00
  4.99221e+03  1.12707e+00
  4.99242e+03  1.12678e+00
  4.99262e+03  1.12650e+00
  4.99283e+03  1.12622e+00
  4.99304e+03  1.12594e+00
  4.99325e+03  1.12565e+00
  4.99346e+03  1.12537e+00
  4.99367e+03  1.12509e+00
  4.99388e+03  1.12480e+00
  4.99408e+03  1.12452e+00
  4.99429e+03  1.12424e+00
  4.99450e+03  1.12396e+00
  4.99471e+03  1.12368e+00
  4.99492e+03  1.12339e+00
  4.99513e+03  1.12311e+00
  4.99534e+03  1.12283e+00
  4.99554e+03  1.12255e+00
  4.99575e+03  1.12226e+00
  4.99596e+03  1.12198e+00
  4.99617e+03  1.12170e+00
  4.99638e+03  1.12142e+00
  4.99659e+03  1.12114e+00
  4.99680e+03  1.12085e+00
  4.99701e+03  1.12057e+00
  4.99721e+03  1.12029e+00
  4.99742e+03  1.12001e+00
  4.99763e+03  1.11973e+00
  4.99784e+03  1.11944e+00
  4.99805e+03  1.11916e+00
  4.99826e+03  1.11888e+00
  4.99847e+03  1.11860e+00
  4.99867e+03  1.11832e+00
  4.99888e+03  1.11804e+00
  4.99909e+03  1.11775e+00
  4.99930e+03  1.11747e+00
  4.99951e+03  1.11719e+00
  4.99972e+03  1.11691e+00
  4.99993e+03  1.11663e+00
  5.00013e+03  1.11635e+00
  5.00034e+03  1.11607e+00
  5.00055e+03  1.11579e+00
  5.00076e+03  1.11550e+00
  5.00097e+03  1.11522e+00
  5.00118e+03  1.11494e+00
  5.00139e+03  1.11466e+00
  5.00160e+03  1.11438e+00
  5.00180e+03  1.11410e+00
  5.00201e+03  1.11382e+00
  5.00222e+03  1.11354e+00
  5.00243e+03  1.11326e+00
  5.00264e+03  1.11298e+00
  5.00285e+03  1.11269e+00
  5.00306e+03  1.11241e+00
  5.00326e+03  1.11213e+00
  5.00347e+03  1.11185e+00
  5.00368e+03  1.11157e+00
  5.00389e+03  1.11129e+00
  5.00410e+03  1.11101e+00
  5.00431e+03  1.11073e+00
  5.00452e+03  1.11045e+00
  5.00472e+03  1.11017e+00
  5.00493e+03  1.10989e+00
  5.00514e+03  1.10961e+00
  5.00535e+03  1.10933e+00
  5.00556e+03  1.10905e+00
  5.00577e+03  1.10877e+00
  5.00598e+03  1.10849e+00
  5.00619e+03  1.10821e+00
  5.00639e+03  1.10793e+00
  5.00660e+03  1.10765e+00
  5.00681e+03  1.10737e+00
  5.00702e+03  1.10709e+00
  5.00723e+03  1.10681e+00
  5.00744e+03  1.10653e+00
  5.00765e+03  1.10625e+00
  5.00785e+03  1.10597e+00
  5.00806e+03  1.10569e+00
  5.00827e+03  1.10541e+00
  5.00848e+03  1.10513e+00
  5.00869e+03  1.10485e+00
  5.00890e+03  1.10457e+00
  5.00911e+03  1.10429e+00
  5.00931e+03  1.10401e+00
  5.00952e+03  1.10374e+00
  5.00973e+03  1.10346e+00
  5.00994e+03  1.10318e+00
  5.01000e+03  1.10310e+00
  5.01015e+03  1.10323e+00
  5.01036e+03  1.10341e+00
  5.01057e+03  1.10359e+00
  5.01077e+03  1.10377e+00
  5.01098e+03  1.10396e+00
  5.01119e+03  1.10414e+00
  5.01140e+03  1.10432e+00
  5.01161e+03  1.10450e+00
  5.01182e+03  1.10469e+00
  5.01203e+03  1.10487e+00
  5.01224e+03  1.10505e+00
  5.01244e+03  1.10523e+00
  5.01265e+03  1.10541e+00
  5.01286e+03  1.10560e+00
  5.01307e+03  1.10578e+00
  5.01328e+03  1.10596e+00
  5.01349e+03  1.10614e+00
  5.01370e+03  1.10632e+00
  5.01390e+03  1.10651e+00
  5.01411e+03  1.10669e+00
  5.01432e+03  1.10687e+00
  5.01453e+03  1.10705e+00
  5.01474e+03  1.10723e+00
  5.01495e+03  1.10741e+00
  5.01516e+03  1.10760e+00
  5.01536e+03  1.10778e+00
  5.01557e+03  1.10796e+00
  5.01578e+03  1.10814e+00
  5.01599e+03  1.10832e+00
  5.01620e+03  1.10850e+00
  5.01641e+03  1.10869e+00
  5.01662e+03  1.10887e+00
  5.01682e+03  1.10905e+00
  5.01703e+03  1.10923e+00
  5.01724e+03  1.10941e+00
  5.01745e+03  1.10959e+00
  5.01766e+03  1.10977e+00
  5.01787e+03  1.10995e+00
  5.01808e+03  1.11014e+00
  5.01829e+03  1.11032e+00
  5.01849e+03  1.11050e+00
  5.01870e+03  1.11068e+00
  5.01891e+03  1.11086e+00
  5.01912e+03  1.11104e+00
  5.01933e+03  1.11122e+00
  5.01954e+03  1.11140e+00
  5.01975e+03  1.11158e+00
  5.01995e+03  1.11176e+00
  5.02016e+03  1.11195e+00
  5.02037e+03  1.11213e+00
  5.02058e+03  1.11231e+00
  5.02079e+03  1.11249e+00
  5.02100e+03  1.11267e+00
  5.02121e+03  1.11285e+00
  5.02141e+03  1.11303e+00
  5.02162e+03  1.11321e+00
  5.02183e+03  1.11339e+00
  5.02204e+03  1.11357e+00
  5.02225e+03  1.11375e+00
  5.02246e+03  1.11393e+00
  5.02267e+03  1.11411e+00
  5.02288e+03  1.11429e+00
  5.02308e+03  1.11447e+00
  5.02329e+03  1.11465e+00
  5.02350e+03  1.11484e+00
  5.02371e+03  1.11502e+00
  5.02392e+03  1.11520e+00
  5.02413e+03  1.11538e+00
  5.02434e+03  1.11556e+00
  5.02454e+03  1.11574e+00
  5.02475e+03  1.11592e+00
  5.02496e+03  1.11610e+00
  5.02517e+03  1.11628e+00
  5.02538e+03  1.11646e+00
  5.02559e+03  1.11664e+00
  5.02580e+03  1.11682e+00
  5.02600e+03  1.11700e+00
  5.02621e+03  1.11718e+00
  5.02642e+03  1.11736e+00
  5.02663e+03  1.11754e+00
  5.02684e+03  1.11772e+00
  5.02705e+03  1.11789e+00
  5.02726e+03  1.11807e+00
  5.02746e+03  1.11825e+00
  5.02767e+03  1.11843e+00
  5.03000e+03  1.12044e+00
  5.05000e+03  1.10943e+00
  5.07000e+03  1.12155e+00
  5.09000e+03  1.10072e+00
  5.11000e+03  1.10087e+00
  5.13000e+03  1.08427e+00
  5.15000e+03  1.06728e+00
  5.17000e+03  1.04500e+00
  5.19000e+03  1.04613e+00
  5.21000e+03  1.05596e+00
  5.23000e+03  1.05706e+00
  5.25000e+03  1.06544e+00
  5.27000e+03  1.02331e+00
  5.29000e+03  1.05495e+00
  5.31000e+03  1.05947e+00
  5.33000e+03  1.02306e+00
  5.35000e+03  1.04388e+00
  5.37000e+03  1.03585e+00
  5.39000e+03  1.02467e+00
  5.41000e+03  1.00947e+00
  5.43000e+03  1.01323e+00
  5.45000e+03  1.01951e+00
  5.47000e+03  1.00627e+00
  5.49000e+03  1.00398e+00
  5.51000e+03  9.95868e-01
  5.53000e+03  9.95765e-01
  5.55000e+03  9.95464e-01
  5.57000e+03  9.83687e-01
  5.59000e+03  9.73681e-01
  5.61000e+03  9.78872e-01
  5.63000e+03  9.71960e-01
  5.65000e+03  9.69299e-01
  5.67000e+03  9.57163e-01
  5.69000e+03  9.59031e-01
  5.71000e+03  9.39629e-01
  5.73000e+03  9.55847e-01
  5.75000e+03  9.40311e-01
  5.77000e+03  9.40081e-01
  5.79000e+03  9.27532e-01
  5.81000e+03  9.36133e-01
  5.83000e+03  9.39892e-01
  5.85000e+03  9.29156e-01
  5.87000e+03  9.19825e-01
  5.89000e+03  8.99148e-01
  5.91000e+03  9.13479e-01
  5.93000e+03  9.09954e-01
  5.95000e+03  9.05575e-01
  5.97000e+03  9.05366e-01
  5.99000e+03  8.96560e-01
  6.01000e+03  8.87996e-01
  6.03000e+03  8.89790e-01
  6.05000e+03  8.90628e-01
  6.07000e+03  8.85651e-01
  6.09000e+03  8.72662e-01
  6.11000e+03  8.69027e-01
  6.13000e+03  8.52080e-01
  6.15000e+03  8.51639e-01
  6.17000e+03  8.41259e-01
  6.19000e+03  8.51785e-01
  6.21000e+03  8.46863e-01
  6.23000e+03  8.34614e-01
  6.25000e+03  8.21072e-01
  6.27000e+03  8.31802e-01
  6.29000e+03  8.31147e-01
  6.31000e+03  8.14803e-01
  6.33000e+03  8.15298e-01
  6.35000e+03  8.10535e-01
  6.37000e+03  8.06600e-01
  6.39000e+03  8.07992e-01
  6.41000e+03  7.98214e-01
  6.43000e+03  7.98492e-01
  6.45000e+03  7.92446e-01
  6.47000e+03  7.89730e-01
  6.49000e+03  7.79637e-01
  6.51000e+03  7.82238e-01
  6.53000e+03  7.71616e-01
  6.53667e+03  7.56602e-01
  6.53694e+03  7.55987e-01
  6.53722e+03  7.55373e-01
  6.53749e+03  7.54759e-01
  6.53776e+03  7.54144e-01
  6.53804e+03  7.53530e-01
  6.53831e+03  7.52916e-01
  6.53858e+03  7.52303e-01
  6.53886e+03  7.51689e-01
  6.53913e+03  7.51075e-01
  6.53940e+03  7.50462e-01
  6.53968e+03  7.49848e-01
  6.53995e+03  7.49234e-01
  6.54023e+03  7.48621e-01
  6.54050e+03  7.48008e-01
  6.54077e+03  7.47395e-01
  6.54105e+03  7.46783e-01
  6.54132e+03  7.46170e-01
  6.54159e+03  7.45557e-01
  6.54187e+03  7.44944e-01
  6.54214e+03  7.44331e-01
  6.54241e+03  7.43719e-01
  6.54269e+03  7.43107e-01
  6.54296e+03  7.42495e-01
  6.54323e+03  7.41883e-01
  6.54351e+03  7.41271e-01
  6.54378e+03  7.40659e-01
  6.54405e+03  7.40046e-01
  6.54433e+03  7.39435e-01
  6.54460e+03  7.38823e-01
  6.54487e+03  7.38212e-01
  6.54515e+03  7.37601e-01
  6.54542e+03  7.36989e-01
  6.54569e+03  7.36378e-01
  6.54597e+03  7.35766e-01
  6.54624e+03  7.35155e-01
  6.54652e+03  7.34545e-01
  6.54679e+03  7.33934e-01
  6.54706e+03  7.33323e-01
  6.54734e+03  7.32713e-01
  6.54761e+03  7.32102e-01
  6.54788e+03  7.31492e-01
  6.54816e+03  7.30881e-01
  6.54843e+03  7.30271e-01
  6.54870e+03  7.29661e-01
  6.54898e+03  7.29051e-01
  6.54925e+03  7.28441e-01
  6.54952e+03  7.27831e-01
  6.54980e+03  7.27222e-01
  6.55000e+03  7.26770e-01
  6.55007e+03  7.26499e-01
  6.55034e+03  7.25450e-01
  6.55062e+03  7.24403e-01
  6.55089e+03  7.23356e-01
  6.55117e+03  7.22310e-01
  6.55144e+03  7.21264e-01
  6.55171e+03  7.20217e-01
  6.55199e+03  7.19171e-01
  6.55226e+03  7.18126e-01
  6.55253e+03  7.17078e-01
  6.55281e+03  7.16033e-01
  6.55308e+03  7.14987e-01
  6.55335e+03  7.13942e-01
  6.55363e+03  7.12897e-01
  6.55390e+03  7.11853e-01
  6.55417e+03  7.10808e-01
  6.55445e+03  7.09764e-01
  6.55472e+03  7.08717e-01
  6.55499e+03  7.07673e-01
  6.55527e+03  7.06629e-01
  6.55554e+03  7.05586e-01
  6.55581e+03  7.04542e-01
  6.55609e+03  7.03499e-01
  6.55636e+03  7.02455e-01
  6.55664e+03  7.01411e-01
  6.55691e+03  7.00368e-01
  6.55718e+03  6.99325e-01
  6.55746e+03  6.98282e-01
  6.55773e+03  6.97240e-01
  6.55800e+03  6.96198e-01
  6.55828e+03  6.95156e-01
  6.55855e+03  6.94114e-01
  6.55882e+03  6.93070e-01
  6.55910e+03  6.92029e-01
  6.55937e+03  6.90988e-01
  6.55964e+03  6.89946e-01
  6.55992e+03  6.88905e-01
  6.56019e+03  6.87865e-01
  6.56046e+03  6.86824e-01
  6.56074e+03  6.85783e-01
  6.56101e+03  6.84741e-01
  6.56128e+03  6.83701e-01
  6.56156e+03  6.82661e-01
  6.56183e+03  6.81621e-01
  6.56210e+03  6.80582e-01
  6.56238e+03  6.79542e-01
  6.56265e+03  6.78503e-01
  6.56293e+03  6.77464e-01
  6.56320e+03  6.76423e-01
  6.56347e+03  6.75384e-01
  6.56375e+03  6.74346e-01
  6.56402e+03  6.73307e-01
  6.56429e+03  6.72269e-01
  6.56457e+03  6.71231e-01
  6.56484e+03  6.70193e-01
  6.56511e+03  6.69153e-01
  6.56539e+03  6.68116e-01
  6.56566e+03  6.67078e-01
  6.56593e+03  6.66041e-01
  6.56621e+03  6.65004e-01
  6.56648e+03  6.63967e-01
  6.56675e+03  6.62930e-01
  6.56703e+03  6.61894e-01
  6.56730e+03  6.60856e-01
  6.56758e+03  6.59819e-01
  6.56785e+03  6.58783e-01
  6.56812e+03  6.57747e-01
  6.56840e+03  6.56712e-01
  6.56867e+03  6.55676e-01
  6.56894e+03  6.54641e-01
  6.56922e+03  6.53606e-01
  6.56949e+03  6.52569e-01
  6.56976e+03  6.51534e-01
  6.57000e+03  6.50638e-01
  6.57004e+03  6.50822e-01
  6.57031e+03  6.52197e-01
  6.57058e+03  6.53571e-01
  6.57086e+03  6.54945e-01
  6.57113e+03  6.56319e-01
  6.57140e+03  6.57693e-01
  6.57168e+03  6.59069e-01
  6.57195e+03  6.60442e-01
  6.57222e+03  6.61815e-01
  6.57250e+03  6.63188e-01
  6.57277e+03  6.64560e-01
  6.57304e+03  6.65932e-01
  6.57332e+03  6.67305e-01
  6.57359e+03  6.68679e-01
  6.57387e+03  6.70050e-01
  6.57414e+03  6.71422e-01
  6.57441e+03  6.72793e-01
  6.57469e+03  6.74164e-01
  6.57496e+03  6.75535e-01
  6.57523e+03  6.76905e-01
  6.57551e+03  6.78275e-01
  6.57578e+03  6.79648e-01
  6.57605e+03  6.81018e-01
  6.57633e+03  6.82387e-01
  6.57660e+03  6.83756e-01
  6.57687e+03  6.85125e-01
  6.57715e+03  6.86494e-01
  6.57742e+03  6.87863e-01
  6.57769e+03  6.89231e-01
  6.57797e+03  6.90602e-01
  6.57824e+03  6.91970e-01
  6.57852e+03  6.93338e-01
  6.57879e+03  6.94705e-01
  6.57906e+03  6.96072e-01
  6.57934e+03  6.97439e-01
  6.57961e+03  6.98806e-01
  6.57988e+03  7.00173e-01
  6.58016e+03  7.01541e-01
  6.58043e+03  7.02908e-01
  6.58070e+03  7.04273e-01
  6.58098e+03  7.05639e-01
  6.58125e+03  7.07004e-01
  6.58152e+03  7.08370e-01
  6.58180e+03  7.09735e-01
  6.58207e+03  7.11099e-01
  6.58234e+03  7.12466e-01
  6.58262e+03  7.13830e-01
  6.58289e+03  7.15195e-01
  6.58316e+03  7.16558e-01
  6.58344e+03  7.17922e-01
  6.58371e+03  7.19285e-01
  6.58398e+03  7.20648e-01
  6.58426e+03  7.22014e-01
  6.58453e+03  7.23376e-01
  6.58481e+03  7.24739e-01
  6.58508e+03  7.26101e-01
  6.58535e+03  7.27463e-01
  6.58563e+03  7.28825e-01
  6.58590e+03  7.30186e-01
  6.58617e+03  7.31547e-01
  6.58645e+03  7.32911e-01
  6.58672e+03  7.34272e-01
  6.58699e+03  7.35632e-01
  6.58727e+03  7.36993e-01
  6.58754e+03  7.38353e-01
  6.58781e+03  7.39713e-01
  6.58809e+03  7.41072e-01
  6.58836e+03  7.42432e-01
  6.58863e+03  7.43794e-01
  6.58891e+03  7.45153e-01
  6.58918e+03  7.46511e-01
  6.58946e+03  7.47870e-01
  6.58973e+03  7.49228e-01
  6.59000e+03  7.50578e-01
  6.59028e+03  7.50764e-01
  6.59055e+03  7.50950e-01
  6.59082e+03  7.51136e-01
  6.59110e+03  7.51322e-01
  6.61000e+03  7.64087e-01
  6.63000e+03  7.62802e-01
  6.65000e+03  7.60590e-01
  6.67000e+03  7.52261e-01
  6.69000e+03  7.53901e-01
  6.71000e+03  7.45534e-01
  6.73000e+03  7.48041e-01
  6.75000e+03  7.41374e-01
  6.77000e+03  7.40221e-01
  6.79000e+03  7.35076e-01
  6.81000e+03  7.32311e-01
  6.83000e+03  7.31437e-01
  6.85000e+03  7.22648e-01
  6.87000e+03  7.23457e-01
  6.89000e+03  7.22737e-01
  6.91000e+03  7.19072e-01
  6.93000e+03  7.14739e-01
  6.95000e+03  7.10692e-01
  6.97000e+03  7.09864e-01
  6.99000e+03  7.06664e-01
  7.01000e+03  6.98324e-01
  7.03000e+03  7.00265e-01
  7.05000e+03  6.98601e-01
  7.07000e+03  6.88799e-01
  7.09000e+03  6.84469e-01
  7.11000e+03  6.77093e-01
  7.13000e+03  6.72340e-01
  7.15000e+03  6.69658e-01
  7.17000e+03  6.68070e-01
  7.19000e+03  6.60254e-01
  7.21000e+03  6.63013e-01
  7.23000e+03  6.63150e-01
  7.25000e+03  6.61625e-01
  7.27000e+03  6.59615e-01
  7.29000e+03  6.51562e-01
  7.31000e+03  6.55123e-01
  7.33000e+03  6.53432e-01
  7.35000e+03  6.52640e-01
  7.37000e+03  6.54824e-01
  7.39000e+03  6.47087e-01
  7.41000e+03  6.42737e-01
  7.43000e+03  6.45676e-01
  7.45000e+03  6.43442e-01
  7.47000e+03  6.43748e-01
  7.49000e+03  6.41365e-01
  7.51000e+03  6.41158e-01
  7.53000e+03  6.42572e-01
  7.55000e+03  6.42399e-01
  7.57000e+03  6.39376e-01
  7.59000e+03  6.31986e-01
  7.61000e+03  6.26500e-01
  7.63000e+03  6.20806e-01
  7.65000e+03  6.14841e-01
  7.67000e+03  6.03809e-01
  7.69000e+03  6.06850e-01
  7.71000e+03  6.00926e-01
  7.73000e+03  5.99658e-01
  7.75000e+03  5.95765e-01
  7.77000e+03  5.94186e-01
  7.79000e+03  5.95688e-01
  7.81000e+03  5.93157e-01
  7.83000e+03  5.89522e-01
  7.85000e+03  5.85169e-01
  7.87000e+03  5.84566e-01
  7.89000e+03  5.79749e-01
  7.91000e+03  5.72926e-01
  7.93000e+03  5.71107e-01
  7.95000e+03  5.67124e-01
  7.97000e+03  5.72008e-01
  7.99000e+03  5.68788e-01
  8.01000e+03  5.68504e-01
  8.03000e+03  5.67590e-01
  8.05000e+03  5.65251e-01
  8.07000e+03  5.66137e-01
  8.09000e+03  5.61841e-01
  8.11000e+03  5.62254e-01
  8.13000e+03  5.66571e-01
  8.15000e+03  5.67711e-01
  8.17000e+03  5.68691e-01
  8.19000e+03  5.60699e-01
  8.21000e+03  5.49352e-01
  8.23000e+03  5.47192e-01
  8.25000e+03  5.46417e-01
  8.27000e+03  5.46776e-01
  8.29000e+03  5.42875e-01
  8.31000e+03  5.34615e-01
  8.33000e+03  5.31092e-01
  8.35000e+03  5.29460e-01
  8.37000e+03  5.28665e-01
  8.39000e+03  5.21306e-01
  8.41000e+03  5.24716e-01
  8.43000e+03  5.16807e-01
  8.45000e+03  5.11175e-01
  8.47000e+03  5.06618e-01
  8.49000e+03  5.13683e-01
  8.51000e+03  4.95294e-01
  8.53000e+03  5.13205e-01
  8.55000e+03  4.83720e-01
  8.57000e+03  5.18837e-01
  8.59000e+03  5.00145e-01
  8.61000e+03  4.98529e-01
  8.63000e+03  5.20268e-01
  8.65000e+03  5.11064e-01
  8.67000e+03  4.69993e-01
  8.69000e+03  5.08881e-01
  8.71000e+03  5.20160e-01
  8.73000e+03  5.12380e-01
  8.75000e+03  4.76802e-01
  8.77000e+03  5.05672e-01
  8.79000e+03  5.21537e-01
  8.81000e+03  5.18922e-01
  8.83000e+03  5.15441e-01
  8.85000e+03  4.93606e-01
  8.87000e+03  4.61143e-01
  8.89000e+03  4.95807e-01
  8.91000e+03  5.04730e-01
  8.93000e+03  5.01950e-01
  8.95000e+03  5.02102e-01
  8.97000e+03  4.99080e-01
  8.99000e+03  4.90043e-01
  9.01000e+03  4.51073e-01
  9.03000e+03  4.71695e-01
  9.05000e+03  4.98145e-01
  9.07000e+03  5.00411e-01
  9.09000e+03  4.98270e-01
  9.11000e+03  5.02312e-01
  9.13000e+03  5.04837e-01
  9.15000e+03  5.02068e-01
  9.17000e+03  4.99202e-01
  9.19000e+03  4.96640e-01
  9.21000e+03  4.75592e-01
  9.23000e+03  4.34037e-01
  9.25000e+03  4.62322e-01
  9.27000e+03  4.75003e-01
  9.29000e+03  4.76373e-01
  9.31000e+03  4.76575e-01
  9.33000e+03  4.76760e-01
  9.35000e+03  4.74098e-01
  9.37000e+03  4.70617e-01
  9.39000e+03  4.72371e-01
  9.41000e+03  4.66292e-01
  9.43000e+03  4.71593e-01
  9.45000e+03  4.68132e-01
  9.47000e+03  4.70574e-01
  9.49000e+03  4.68519e-01
  9.51000e+03  4.58240e-01
  9.53000e+03  4.46546e-01
  9.55000e+03  4.15475e-01
  9.57000e+03  4.47168e-01
  9.59000e+03  4.58436e-01
  9.61000e+03  4.56891e-01
  9.63000e+03  4.56894e-01
  9.65000e+03  4.54880e-01
  9.67000e+03  4.53410e-01
  9.69000e+03  4.54665e-01
  9.71000e+03  4.49719e-01
  9.73000e+03  4.45995e-01
  9.75000e+03  4.43842e-01
  9.77000e+03  4.43473e-01
  9.79000e+03  4.40918e-01
  9.81000e+03  4.43016e-01
  9.83000e+03  4.40160e-01
  9.85000e+03  4.39124e-01
  9.87000e+03  4.36700e-01
  9.89000e+03  4.34979e-01
  9.91000e+03  4.33407e-01
  9.93000e+03  4.33653e-01
  9.95000e+03  4.33107e-01
  9.97000e+03  4.31703e-01
  9.99000e+03  4.29043e-01
  1.00250e+04  4.16928e-01
  1.00750e+04  4.07740e-01
  1.01250e+04  4.22852e-01
  1.01750e+04  4.20885e-01
  1.02250e+04  4.20073e-01
  1.02750e+04  4.18576e-01
  1.03250e+04  4.14077e-01
  1.03750e+04  4.10700e-01
  1.04250e+04  4.08715e-01
  1.04750e+04  4.02063e-01
  1.05250e+04  3.96058e-01
  1.05750e+04  3.88945e-01
  1.06250e+04  3.83713e-01
  1.06750e+04  3.80299e-01
  1.07250e+04  3.80978e-01
  1.07750e+04  3.77587e-01
  1.08250e+04  3.72375e-01
  1.08750e+04  3.67961e-01
  1.09250e+04  3.48441e-01
  1.09750e+04  3.55213e-01
  1.10250e+04  3.57498e-01
  1.10750e+04  3.52229e-01
  1.11250e+04  3.50291e-01
  1.11750e+04  3.47371e-01
  1.12250e+04  3.45617e-01
  1.12750e+04  3.41527e-01
  1.13250e+04  3.39244e-01
  1.13750e+04  3.37097e-01
  1.14250e+04  3.33529e-01
  1.14750e+04  3.33175e-01
  1.15250e+04  3.30589e-01
  1.15750e+04  3.27217e-01
  1.16250e+04  3.22485e-01
  1.16750e+04  3.20323e-01
  1.17250e+04  3.19082e-01
  1.17750e+04  3.13223e-01
  1.18250e+04  3.09723e-01
  1.18750e+04  3.05048e-01
  1.19250e+04  3.05633e-01
  1.19750e+04  2.99859e-01
  1.20250e+04  3.00899e-01
  1.20750e+04  2.98311e-01
  1.21250e+04  2.96808e-01
  1.21750e+04  2.95449e-01
  1.22250e+04  2.92954e-01
  1.22750e+04  2.90327e-01
  1.23250e+04  2.87807e-01
  1.23750e+04  2.85772e-01
  1.24250e+04  2.82245e-01
  1.24750e+04  2.79823e-01
  1.25250e+04  2.77247e-01
  1.25750e+04  2.74813e-01
  1.26250e+04  2.72598e-01
  1.26750e+04  2.70299e-01
  1.27250e+04  2.68378e-01
  1.27750e+04  2.64351e-01
  1.28250e+04  2.49813e-01
  1.28750e+04  2.60567e-01
  1.29250e+04  2.59625e-01
  1.29750e+04  2.59079e-01
  1.30250e+04  2.56495e-01
  1.30750e+04  2.54958e-01
  1.31250e+04  2.51005e-01
  1.31750e+04  2.48440e-01
  1.32250e+04  2.46573e-01
  1.32750e+04  2.42795e-01
  1.33250e+04  2.40949e-01
  1.33750e+04  2.38063e-01
  1.34250e+04  2.36405e-01
  1.34750e+04  2.33702e-01
  1.35250e+04  2.31152e-01
  1.35750e+04  2.27767e-01
  1.36250e+04  2.26088e-01
  1.36750e+04  2.25306e-01
  1.37250e+04  2.24294e-01
  1.37750e+04  2.23211e-01
  1.38250e+04  2.22095e-01
  1.38750e+04  2.20035e-01
  1.39250e+04  2.12247e-01
  1.39750e+04  2.10180e-01
  1.40250e+04  2.08152e-01
  1.40750e+04  2.07709e-01
  1.41250e+04  2.05573e-01
  1.41750e+04  2.05398e-01
  1.42250e+04  2.03286e-01
  1.42750e+04  2.01305e-01
  1.43250e+04  2.01772e-01
  1.43750e+04  2.01407e-01
  1.44250e+04  1.97974e-01
  1.44750e+04  1.99144e-01
  1.45250e+04  1.97218e-01
  1.45700e+04  1.97289e-01
  1.46200e+04  1.93709e-01
  1.46750e+04  1.92363e-01
  1.47250e+04  1.90767e-01
  1.47750e+04  1.90391e-01
  1.48250e+04  1.90144e-01
  1.48750e+04  1.88635e-01
  1.49250e+04  1.89914e-01
  1.49750e+04  1.88498e-01
  1.50250e+04  1.86907e-01
  1.50750e+04  1.86118e-01
  1.51250e+04  1.87029e-01
  1.51750e+04  1.86715e-01
  1.52250e+04  1.86144e-01
  1.52750e+04  1.85696e-01
  1.53250e+04  1.84808e-01
  1.53750e+04  1.83900e-01
  1.54250e+04  1.81402e-01
  1.54750e+04  1.81894e-01
  1.55250e+04  1.80713e-01
  1.55750e+04  1.76111e-01
  1.56250e+04  1.77307e-01
  1.56750e+04  1.75646e-01
  1.57250e+04  1.76240e-01
  1.57750e+04  1.72562e-01
  1.58250e+04  1.70672e-01
  1.58750e+04  1.67270e-01
  1.59250e+04  1.72234e-01
  1.59750e+04  1.70894e-01
  1.60500e+04  1.69021e-01
  1.61500e+04  1.68399e-01
  1.62500e+04  1.66297e-01
  1.63500e+04  1.67061e-01
  1.64500e+04  1.60828e-01
  1.65500e+04  1.64554e-01
  1.66500e+04  1.61967e-01
  1.67500e+04  1.59313e-01
  1.68500e+04  1.55847e-01
  1.69500e+04  1.57247e-01
  1.70500e+04  1.55030e-01
  1.71500e+04  1.52228e-01
  1.72500e+04  1.48853e-01
  1.73500e+04  1.41928e-01
  1.74500e+04  1.41571e-01
  1.75500e+04  1.39008e-01
  1.76500e+04  1.35245e-01
  1.77500e+04  1.31430e-01
  1.78500e+04  1.28103e-01
  1.79500e+04  1.24385e-01
  1.80500e+04  1.20896e-01
  1.81500e+04  1.15796e-01
  1.82500e+04  1.15825e-01
  1.83500e+04  1.14852e-01
  1.84500e+04  1.12326e-01
  1.85500e+04  1.10344e-01
  1.86500e+04  1.07270e-01
  1.87500e+04  1.02610e-01
  1.88500e+04  1.04382e-01
  1.89500e+04  1.02197e-01
  1.90500e+04  1.02029e-01
  1.91500e+04  1.00581e-01
  1.92500e+04  9.92913e-02
  1.93500e+04  9.72568e-02
  1.94500e+04  9.32474e-02
  1.95500e+04  9.41966e-02
  1.96500e+04  9.27354e-02
  1.97500e+04  9.08667e-02
  1.98500e+04  8.95998e-02
  1.99500e+04  8.85111e-02
  2.00500e+04  8.76176e-02
  2.01500e+04  8.65593e-02
  2.02500e+04  8.52055e-02
  2.03500e+04  8.43875e-02
  2.04500e+04  8.39571e-02
  2.05500e+04  8.29977e-02
  2.06500e+04  8.21568e-02
  2.07500e+04  8.14884e-02
  2.08500e+04  8.06638e-02
  2.09500e+04  7.97186e-02
  2.10500e+04  7.93061e-02
  2.11500e+04  7.82530e-02
  2.12500e+04  7.74460e-02
  2.13500e+04  7.69171e-02
  2.14500e+04  7.60391e-02
  2.15500e+04  7.49696e-02
  2.16500e+04  7.23202e-02
  2.17500e+04  7.27921e-02
  2.18500e+04  7.22285e-02
  2.19500e+04  7.14145e-02
  2.20500e+04  7.02161e-02
  2.21500e+04  6.95881e-02
  2.22500e+04  6.84194e-02
  2.23500e+04  6.75108e-02
  2.24500e+04  6.66700e-02
  2.25500e+04  6.57421e-02
  2.26500e+04  6.47116e-02
  2.27500e+04  6.40787e-02
  2.28500e+04  6.29208e-02
  2.29500e+04  5.76645e-02
  2.30500e+04  5.88990e-02
  2.31500e+04  5.83425e-02
  2.32500e+04  5.38855e-02
  2.33500e+04  5.51931e-02
  2.34500e+04  5.36049e-02
  2.35500e+04  5.06441e-02
  2.36500e+04  5.18569e-02
  2.37500e+04  5.04147e-02
  2.38500e+04  4.79629e-02
  2.39500e+04  4.86228e-02
  2.40500e+04  4.76088e-02
  2.41500e+04  4.53053e-02
  2.42500e+04  4.54720e-02
  2.43500e+04  4.43360e-02
  2.44500e+04  4.27054e-02
  2.45500e+04  4.18414e-02
  2.46500e+04  4.14198e-02
  2.47500e+04  4.01601e-02
  2.48500e+04  3.83299e-02
  2.49500e+04  3.76129e-02
  2.50500e+04  3.76870e-02
  2.51500e+04  3.62612e-02
  2.52500e+04  3.60430e-02
  2.53500e+04  3.58626e-02
  2.54500e+04  3.52710e-02
  2.55500e+04  3.49192e-02
  2.56500e+04  3.44688e-02
  2.57500e+04  3.46430e-02
  2.58500e+04  3.39204e-02
  2.59500e+04  3.37953e-02
  2.60500e+04  3.35008e-02
  2.61500e+04  3.27123e-02
  2.62500e+04  3.18558e-02
  2.63500e+04  3.23626e-02
  2.64500e+04  3.21235e-02
  2.65500e+04  3.17654e-02
  2.66500e+04  3.11426e-02
  2.67500e+04  3.08346e-02
  2.68500e+04  3.08157e-02
  2.69500e+04  3.03298e-02
  2.70500e+04  3.01928e-02
  2.71500e+04  2.98543e-02
  2.72500e+04  2.96504e-02
  2.73500e+04  2.91499e-02
  2.74500e+04  2.88986e-02
  2.75500e+04  2.82831e-02
  2.76500e+04  2.81295e-02
  2.77500e+04  2.78932e-02
  2.78500e+04  2.77528e-02
  2.79500e+04  2.75208e-02
  2.80500e+04  2.71851e-02
  2.81500e+04  2.68636e-02
  2.82500e+04  2.66711e-02
  2.83500e+04  2.64196e-02
  2.84500e+04  2.61476e-02
  2.85500e+04  2.58242e-02
  2.86500e+04  2.54470e-02
  2.87500e+04  2.48211e-02
  2.88500e+04  2.48978e-02
  2.89500e+04  2.46943e-02
  2.90500e+04  2.44641e-02
  2.91500e+04  2.41927e-02
  2.92500e+04  2.38284e-02
  2.93500e+04  2.36885e-02
  2.94500e+04  2.33538e-02
  2.95500e+04  2.31268e-02
  2.96500e+04  2.29210e-02
  2.97500e+04  2.26425e-02
  2.98500e+04  2.23872e-02
  2.99500e+04  2.21729e-02
  3.00500e+04  2.19173e-02
  3.01500e+04  2.17451e-02
  3.02500e+04  2.14623e-02
  3.03500e+04  2.09443e-02
  3.04500e+04  2.09794e-02
  3.05500e+04  2.08865e-02
  3.06500e+04  2.07260e-02
  3.07500e+04  2.05740e-02
  3.08500e+04  2.03698e-02
  3.09500e+04  2.02447e-02
  3.10500e+04  2.01001e-02
  3.11500e+04  1.98301e-02
  3.12500e+04  1.97128e-02
  3.13500e+04  1.95207e-02
  3.14500e+04  1.93612e-02
  3.15500e+04  1.91966e-02
  3.16500e+04  1.90047e-02
  3.17500e+04  1.88442e-02
  3.18500e+04  1.86886e-02
  3.19500e+04  1.85487e-02
  3.21000e+04  1.83114e-02
  3.23000e+04  1.80050e-02
  3.25000e+04  1.77223e-02
  3.27000e+04  1.73822e-02
  3.29000e+04  1.68671e-02
  3.31000e+04  1.67299e-02
  3.33000e+04  1.64997e-02
  3.35000e+04  1.62248e-02
  3.37000e+04  1.59161e-02
  3.39000e+04  1.56358e-02
  3.41000e+04  1.53419e-02
  3.43000e+04  1.50775e-02
  3.45000e+04  1.48020e-02
  3.47000e+04  1.45232e-02
  3.49000e+04  1.42573e-02
  3.51000e+04  1.40034e-02
  3.53000e+04  1.37230e-02
  3.55000e+04  1.34755e-02
  3.57000e+04  1.32164e-02
  3.59000e+04  1.29687e-02
  3.61000e+04  1.27583e-02
  3.63000e+04  1.25086e-02
  3.65000e+04  1.22579e-02
  3.67000e+04  1.20368e-02
  3.69000e+04  1.17794e-02
  3.71000e+04  1.15689e-02
  3.73000e+04  1.13164e-02
  3.75000e+04  1.10323e-02
  3.77000e+04  1.09263e-02
  3.79000e+04  1.07087e-02
  3.81000e+04  1.05166e-02
  3.83000e+04  1.03247e-02
  3.85000e+04  1.01470e-02
  3.87000e+04  9.93631e-03
  3.89000e+04  9.74761e-03
  3.91000e+04  9.53333e-03
  3.93000e+04  9.39355e-03
  3.95000e+04  9.18727e-03
  3.97000e+04  9.02925e-03
  3.99000e+04  8.83460e-03
  4.01000e+04  8.67480e-03
  4.03000e+04  8.50890e-03
  4.05000e+04  8.27011e-03
  4.07000e+04  8.20403e-03
  4.09000e+04  8.05925e-03
  4.11000e+04  7.92446e-03
  4.13000e+04  7.77747e-03
  4.15000e+04  7.62195e-03
  4.17000e+04  7.44235e-03
  4.19000e+04  7.36399e-03
  4.21000e+04  7.22200e-03
  4.23000e+04  7.11058e-03
  4.25000e+04  6.97479e-03
  4.27000e+04  6.86350e-03
  4.29000e+04  6.64314e-03
  4.31000e+04  6.43687e-03
  4.33000e+04  6.37539e-03
  4.35000e+04  6.17073e-03
  4.37000e+04  6.00846e-03
  4.39000e+04  5.93086e-03
  4.41000e+04  5.76122e-03
  4.43000e+04  5.67623e-03
  4.45000e+04  5.57430e-03
  4.47000e+04  5.44100e-03
  4.49000e+04  5.38603e-03
  4.51000e+04  5.27451e-03
  4.53000e+04  5.15723e-03
  4.55000e+04  5.10829e-03
  4.57000e+04  5.04030e-03
  4.59000e+04  4.90747e-03
  4.61000e+04  4.86998e-03
  4.63000e+04  4.78147e-03
  4.65000e+04  4.65225e-03
  4.67000e+04  4.61743e-03
  4.69000e+04  4.57275e-03
  4.71000e+04  4.49477e-03
  4.73000e+04  4.45622e-03
  4.75000e+04  4.37307e-03
  4.77000e+04  4.31562e-03
  4.79000e+04  4.25339e-03
  4.81000e+04  4.17577e-03
  4.83000e+04  4.13930e-03
  4.85000e+04  4.06732e-03
  4.87000e+04  3.99889e-03
  4.89000e+04  3.94140e-03
  4.91000e+04  3.88409e-03
  4.93000e+04  3.82844e-03
  4.95000e+04  3.76586e-03
  4.97000e+04  3.72318e-03
  4.99000e+04  3.65525e-03
  5.01000e+04  3.61177e-03
  5.03000e+04  3.56036e-03
  5.05000e+04  3.49823e-03
  5.07000e+04  3.45555e-03
  5.09000e+04  3.40680e-03
  5.11000e+04  3.34777e-03
  5.13000e+04  3.28212e-03
  5.15000e+04  3.25880e-03
  5.17000e+04  3.22988e-03
  5.19000e+04  3.17850e-03
  5.21000e+04  3.13513e-03
  5.23000e+04  3.08626e-03
  5.25000e+04  3.04958e-03
  5.27000e+04  3.01816e-03
  5.29000e+04  2.96059e-03
  5.31000e+04  2.91888e-03
  5.33000e+04  2.88423e-03
  5.35000e+04  2.84400e-03
  5.37000e+04  2.80626e-03
  5.39000e+04  2.76939e-03
  5.41000e+04  2.73228e-03
  5.43000e+04  2.68949e-03
  5.45000e+04  2.66278e-03
  5.47000e+04  2.62262e-03
  5.49000e+04  2.59096e-03
  5.51000e+04  2.55496e-03
  5.53000e+04  2.53677e-03
  5.55000e+04  2.48815e-03
  5.57000e+04  2.46696e-03
  5.59000e+04  2.42902e-03
  5.61000e+04  2.40291e-03
  5.63000e+04  2.36504e-03
  5.65000e+04  2.34180e-03
  5.67000e+04  2.31096e-03
  5.69000e+04  2.27527e-03
  5.71000e+04  2.25432e-03
  5.73000e+04  2.22526e-03
  5.75000e+04  2.19697e-03
  5.77000e+04  2.16758e-03
  5.79000e+04  2.14507e-03
  5.81000e+04  2.11447e-03
  5.83000e+04  2.08921e-03
  5.85000e+04  2.06411e-03
  5.87000e+04  2.03430e-03
  5.89000e+04  2.00677e-03
  5.91000e+04  1.96670e-03
  5.93000e+04  1.96107e-03
  5.95000e+04  1.93656e-03
  5.97000e+04  1.91623e-03
  5.99000e+04  1.89258e-03
  6.01000e+04  1.86946e-03
  6.03000e+04  1.84647e-03
  6.05000e+04  1.82175e-03
  6.07000e+04  1.80004e-03
  6.09000e+04  1.77790e-03
  6.11000e+04  1.75516e-03
  6.13000e+04  1.73591e-03
  6.15000e+04  1.71571e-03
  6.17000e+04  1.69673e-03
  6.19000e+04  1.67596e-03
  6.21000e+04  1.65682e-03
  6.23000e+04  1.63535e-03
  6.25000e+04  1.61464e-03
  6.27000e+04  1.59580e-03
  6.29000e+04  1.57754e-03
  6.31000e+04  1.55829e-03
  6.33000e+04  1.54220e-03
  6.35000e+04  1.52286e-03
  6.37000e+04  1.50695e-03
  6.39000e+04  1.48773e-03
  6.42000e+04  1.46234e-03
  6.46000e+04  1.42801e-03
  6.50000e+04  1.39555e-03
  6.54000e+04  1.36341e-03
  6.58000e+04  1.33310e-03
  6.62000e+04  1.30252e-03
  6.66000e+04  1.27343e-03
  6.70000e+04  1.24519e-03
  6.74000e+04  1.21700e-03
  6.78000e+04  1.19005e-03
  6.82000e+04  1.16369e-03
  6.86000e+04  1.13857e-03
  6.90000e+04  1.11335e-03
  6.94000e+04  1.08914e-03
  6.98000e+04  1.06577e-03
  7.02000e+04  1.04253e-03
  7.06000e+04  1.02053e-03
  7.10000e+04  9.98644e-04
  7.14000e+04  9.77601e-04
  7.18000e+04  9.56730e-04
  7.22000e+04  9.36735e-04
  7.26000e+04  9.16911e-04
  7.30000e+04  8.97981e-04
  7.34000e+04  8.79259e-04
  7.38000e+04  8.61249e-04
  7.42000e+04  8.42843e-04
  7.46000e+04  8.20562e-04
  7.50000e+04  8.04073e-04
  7.54000e+04  7.92369e-04
  7.58000e+04  7.77050e-04
  7.62000e+04  7.61506e-04
  7.66000e+04  7.46346e-04
  7.70000e+04  7.31420e-04
  7.74000e+04  7.16977e-04
  7.78000e+04  7.02941e-04
  7.82000e+04  6.89116e-04
  7.86000e+04  6.75723e-04
  7.90000e+04  6.62590e-04
  7.94000e+04  6.49792e-04
  7.98000e+04  6.37309e-04
  8.02000e+04  6.24908e-04
  8.06000e+04  6.12951e-04
  8.10000e+04  6.01383e-04
  8.14000e+04  5.89924e-04
  8.18000e+04  5.78932e-04
  8.22000e+04  5.68037e-04
  8.26000e+04  5.57467e-04
  8.30000e+04  5.47087e-04
  8.34000e+04  5.36931e-04
  8.38000e+04  5.27016e-04
  8.42000e+04  5.17474e-04
  8.46000e+04  5.07997e-04
  8.50000e+04  4.98758e-04
  8.54000e+04  4.89740e-04
  8.58000e+04  4.80962e-04
  8.62000e+04  4.72365e-04
  8.66000e+04  4.63940e-04
  8.70000e+04  4.55666e-04
  8.74000e+04  4.47648e-04
  8.78000e+04  4.39801e-04
  8.82000e+04  4.31999e-04
  8.86000e+04  4.24460e-04
  8.90000e+04  4.17105e-04
  8.94000e+04  4.09916e-04
  8.98000e+04  4.02778e-04
  9.02000e+04  3.95942e-04
  9.06000e+04  3.89267e-04
  9.10000e+04  3.82446e-04
  9.14000e+04  3.76021e-04
  9.18000e+04  3.69744e-04
  9.22000e+04  3.63567e-04
  9.26000e+04  3.57504e-04
  9.30000e+04  3.51595e-04
  9.34000e+04  3.45715e-04
  9.38000e+04  3.40021e-04
  9.42000e+04  3.34448e-04
  9.46000e+04  3.28947e-04
  9.50000e+04  3.23651e-04
  9.54000e+04  3.18443e-04
  9.58000e+04  3.13353e-04
  9.62000e+04  3.08347e-04
  9.66000e+04  3.03451e-04
  9.70000e+04  2.98650e-04
  9.74000e+04  2.93838e-04
  9.78000e+04  2.89269e-04
  9.82000e+04  2.84802e-04
  9.86000e+04  2.80354e-04
  9.90000e+04  2.75998e-04
  9.94000e+04  2.71704e-04
  9.98000e+04  2.67520e-04
  1.00200e+05  2.63419e-04
  2.00000e+05  1.78861e-05
  4.00000e+05  1.22978e-06
  6.00000e+05  2.74302e-07
  8.00000e+05  1.01105e-07
  1.00000e+06  4.91812e-08
  1.20000e+06  2.85980e-08
  1.40000e+06  1.86077e-08
  1.60000e+06  1.30812e-08
