9.100000e+01 5.073826e-01
9.400000e+01 5.395579e-01
9.600000e+01 5.546764e-01
9.800000e+01 6.521304e-01
1.000000e+02 8.359182e-01
1.020000e+02 8.492212e-01
1.040000e+02 8.533601e-01
1.060000e+02 8.623043e-01
1.080000e+02 8.693091e-01
1.100000e+02 8.952953e-01
1.140000e+02 9.072254e-01
1.180000e+02 9.123106e-01
1.210000e+02 1.006665e+00
1.250000e+02 1.017702e+00
1.270000e+02 1.026706e+00
1.280000e+02 1.030172e+00
1.310000e+02 1.033138e+00
1.320000e+02 1.046381e+00
1.340000e+02 1.040669e+00
1.370000e+02 1.064342e+00
1.400000e+02 1.066042e+00
1.430000e+02 1.144727e+00
1.470000e+02 1.215274e+00
1.510000e+02 1.176858e+00
1.550000e+02 1.232803e+00
1.590000e+02 1.241601e+00
1.620000e+02 1.247826e+00
1.660000e+02 1.257876e+00
1.700000e+02 1.265967e+00
1.730000e+02 1.246506e+00
1.770000e+02 1.281543e+00
1.800000e+02 1.287928e+00
1.820000e+02 1.292740e+00
1.860000e+02 1.300131e+00
1.910000e+02 1.307463e+00
1.940000e+02 1.314934e+00
1.980000e+02 1.322705e+00
2.020000e+02 1.329990e+00
2.050000e+02 1.334922e+00
2.100000e+02 1.320546e+00
2.160000e+02 1.352844e+00
2.200000e+02 1.361281e+00
2.230000e+02 1.361461e+00
2.270000e+02 1.373031e+00
2.300000e+02 1.755480e+00
2.340000e+02 3.987763e+00
2.400000e+02 1.237662e+01
2.460000e+02 1.212935e+01
2.520000e+02 1.318740e+01
2.570000e+02 5.522644e+00
2.600000e+02 1.308182e+01
2.640000e+02 1.650302e+01
2.690000e+02 1.681687e+01
2.740000e+02 1.664185e+01
2.790000e+02 1.610953e+01
2.840000e+02 1.655248e+01
2.900000e+02 1.563426e+01
2.960000e+02 1.441799e+01
3.010000e+02 8.592451e+00
3.080000e+02 1.156104e+01
3.180000e+02 1.665132e+01
3.280000e+02 1.676262e+01
3.380000e+02 1.646517e+01
3.480000e+02 1.605475e+01
3.570000e+02 1.644064e+01
3.660000e+02 1.727048e+01
3.750000e+02 1.683207e+01
3.850000e+02 1.574523e+01
3.950000e+02 1.642651e+01
4.050000e+02 1.667824e+01
4.140000e+02 1.633480e+01
4.220000e+02 1.575463e+01
4.300000e+02 1.517845e+01
4.410000e+02 1.533894e+01
4.510000e+02 1.511007e+01
4.600000e+02 1.441746e+01
4.700000e+02 1.410275e+01
4.800000e+02 1.415586e+01
4.900000e+02 1.333389e+01
5.000000e+02 1.364180e+01
5.060000e+02 1.398191e+01
5.120000e+02 1.822822e+01
5.200000e+02 1.747996e+01
5.300000e+02 1.655587e+01
5.400000e+02 1.523024e+01
5.500000e+02 1.496598e+01
5.600000e+02 1.642804e+01
5.700000e+02 1.653495e+01
5.800000e+02 1.583467e+01
5.900000e+02 1.581621e+01
6.000000e+02 1.465839e+01
6.100000e+02 1.336001e+01
6.200000e+02 1.556388e+01
6.300000e+02 1.502909e+01
6.400000e+02 1.513866e+01
6.500000e+02 1.469212e+01
6.580000e+02 1.406249e+01
6.650000e+02 1.448777e+01
6.750000e+02 1.458548e+01
6.850000e+02 1.346459e+01
6.950000e+02 1.406989e+01
7.050000e+02 1.277804e+01
7.160000e+02 1.386548e+01
7.260000e+02 1.366866e+01
7.350000e+02 1.356136e+01
7.450000e+02 1.316194e+01
7.550000e+02 1.292787e+01
7.650000e+02 1.183403e+01
7.750000e+02 1.254284e+01
7.850000e+02 1.218547e+01
7.950000e+02 1.220000e+01
8.050000e+02 1.205837e+01
8.150000e+02 1.194953e+01
8.250000e+02 1.187209e+01
8.350000e+02 1.042515e+01
8.450000e+02 1.146087e+01
8.550000e+02 1.123653e+01
8.650000e+02 1.123806e+01
8.750000e+02 1.110170e+01
8.850000e+02 1.096134e+01
8.950000e+02 1.083277e+01
9.050000e+02 1.058457e+01
9.150000e+02 1.055285e+01
9.250000e+02 2.216361e+01
9.350000e+02 3.294006e+01
9.450000e+02 4.452643e+01
9.550000e+02 4.947448e+01
9.650000e+02 5.505975e+01
9.750000e+02 2.839617e+01
9.850000e+02 5.034444e+01
9.950000e+02 4.660086e+01
1.005000e+03 5.116835e+01
1.015000e+03 4.986537e+01
1.025000e+03 3.178744e+01
1.035000e+03 4.494072e+01
1.045000e+03 5.374544e+01
1.055000e+03 5.180691e+01
1.065000e+03 4.667691e+01
1.075000e+03 4.855213e+01
1.085000e+03 4.268613e+01
1.095000e+03 4.776108e+01
1.105000e+03 4.544291e+01
1.115000e+03 4.457088e+01
1.125000e+03 4.074453e+01
1.135000e+03 4.365100e+01
1.145000e+03 4.135656e+01
1.155000e+03 4.099973e+01
1.165000e+03 4.034824e+01
1.175000e+03 3.196920e+01
1.185000e+03 3.790211e+01
1.195000e+03 3.507368e+01
1.205000e+03 3.138949e+01
1.208443e+03 2.793449e+01
1.208587e+03 2.779060e+01
1.208732e+03 2.764723e+01
1.208876e+03 2.750465e+01
1.209021e+03 2.736325e+01
1.209165e+03 2.722364e+01
1.209310e+03 2.708671e+01
1.209454e+03 2.695374e+01
1.209599e+03 2.682658e+01
1.209743e+03 2.670784e+01
1.209888e+03 2.660122e+01
1.210033e+03 2.651179e+01
1.210177e+03 2.644650e+01
1.210322e+03 2.641476e+01
1.210466e+03 2.642903e+01
1.210611e+03 2.650575e+01
1.210755e+03 2.666616e+01
1.210900e+03 2.693743e+01
1.211044e+03 2.735374e+01
1.211189e+03 2.795748e+01
1.211334e+03 2.880042e+01
1.211478e+03 2.994469e+01
1.211623e+03 3.146364e+01
1.211767e+03 3.344227e+01
1.211912e+03 3.597715e+01
1.212056e+03 3.917564e+01
1.212201e+03 4.315433e+01
1.212345e+03 4.803636e+01
1.212490e+03 5.394778e+01
1.212634e+03 6.101261e+01
1.212779e+03 6.934684e+01
1.212924e+03 7.905139e+01
1.213068e+03 9.020419e+01
1.213213e+03 1.028519e+02
1.213357e+03 1.170016e+02
1.213502e+03 1.326127e+02
1.213646e+03 1.495903e+02
1.213791e+03 1.677806e+02
1.213935e+03 1.869674e+02
1.214080e+03 2.068732e+02
1.214225e+03 2.271623e+02
1.214369e+03 2.474480e+02
1.214514e+03 2.673033e+02
1.214658e+03 2.862742e+02
1.214803e+03 3.038966e+02
1.214947e+03 3.197147e+02
1.215000e+03 3.249520e+02
1.215092e+03 3.334868e+02
1.215236e+03 3.447511e+02
1.215381e+03 3.530817e+02
1.215525e+03 3.582396e+02
1.215670e+03 3.600765e+02
1.215815e+03 3.585420e+02
1.215959e+03 3.536866e+02
1.216104e+03 3.456584e+02
1.216248e+03 3.346966e+02
1.216393e+03 3.211195e+02
1.216537e+03 3.053092e+02
1.216682e+03 2.876945e+02
1.216826e+03 2.687313e+02
1.216971e+03 2.488837e+02
1.217115e+03 2.286056e+02
1.217260e+03 2.083239e+02
1.217405e+03 1.884255e+02
1.217549e+03 1.692461e+02
1.217694e+03 1.510631e+02
1.217838e+03 1.340927e+02
1.217983e+03 1.184888e+02
1.218127e+03 1.043462e+02
1.218272e+03 9.170543e+01
1.218416e+03 8.055956e+01
1.218561e+03 7.086188e+01
1.218706e+03 6.253444e+01
1.218850e+03 5.547633e+01
1.218995e+03 4.957156e+01
1.219139e+03 4.469611e+01
1.219284e+03 4.072394e+01
1.219428e+03 3.753189e+01
1.219573e+03 3.500339e+01
1.219717e+03 3.303106e+01
1.219862e+03 3.151834e+01
1.220006e+03 3.038024e+01
1.220151e+03 2.954339e+01
1.220296e+03 2.894567e+01
1.220440e+03 2.853531e+01
1.220585e+03 2.826993e+01
1.220729e+03 2.811533e+01
1.220874e+03 2.804436e+01
1.221018e+03 2.803575e+01
1.221163e+03 2.807311e+01
1.221307e+03 2.814392e+01
1.221452e+03 2.823882e+01
1.221597e+03 2.835084e+01
1.221741e+03 2.847489e+01
1.221886e+03 2.860731e+01
1.222030e+03 2.874547e+01
1.222175e+03 2.888751e+01
1.222319e+03 2.903216e+01
1.222464e+03 2.917853e+01
1.222608e+03 2.932602e+01
1.222753e+03 2.947423e+01
1.222897e+03 2.962288e+01
1.225000e+03 3.179158e+01
1.235000e+03 3.503329e+01
1.245000e+03 3.521444e+01
1.255000e+03 3.454842e+01
1.265000e+03 3.383529e+01
1.275000e+03 3.482235e+01
1.285000e+03 3.453289e+01
1.295000e+03 3.190355e+01
1.305000e+03 3.174586e+01
1.315000e+03 3.306756e+01
1.325000e+03 3.187809e+01
1.335000e+03 3.066215e+01
1.345000e+03 3.118401e+01
1.355000e+03 3.057871e+01
1.365000e+03 2.926667e+01
1.375000e+03 2.881539e+01
1.385000e+03 2.848861e+01
1.395000e+03 2.442999e+01
1.405000e+03 2.380183e+01
1.415000e+03 2.676335e+01
1.425000e+03 2.571577e+01
1.435000e+03 2.600316e+01
1.442000e+03 2.598017e+01
1.447000e+03 2.569204e+01
1.455000e+03 2.506122e+01
1.465000e+03 2.427923e+01
1.475000e+03 2.398611e+01
1.485000e+03 2.374364e+01
1.495000e+03 2.326884e+01
1.505000e+03 2.249838e+01
1.512000e+03 2.148133e+01
1.517000e+03 2.165835e+01
1.525000e+03 2.143934e+01
1.535000e+03 1.967722e+01
1.545000e+03 1.849195e+01
1.555000e+03 1.818943e+01
1.565000e+03 1.905406e+01
1.575000e+03 1.947721e+01
1.585000e+03 1.937657e+01
1.595000e+03 1.924701e+01
1.605000e+03 1.854526e+01
1.615000e+03 1.815857e+01
1.625000e+03 1.793890e+01
1.635000e+03 1.804740e+01
1.645000e+03 1.765624e+01
1.655000e+03 1.760119e+01
1.665000e+03 1.762138e+01
1.672000e+03 1.686532e+01
1.677000e+03 1.772156e+01
1.685000e+03 1.742350e+01
1.695000e+03 1.691104e+01
1.705000e+03 1.646223e+01
1.715000e+03 1.591078e+01
1.725000e+03 1.561327e+01
1.735000e+03 1.586206e+01
1.745000e+03 1.552116e+01
1.755000e+03 1.547877e+01
1.765000e+03 1.502456e+01
1.775000e+03 1.479069e+01
1.785000e+03 1.474784e+01
1.795000e+03 1.468845e+01
1.805000e+03 1.458188e+01
1.815000e+03 1.397185e+01
1.825000e+03 1.395319e+01
1.835000e+03 1.369912e+01
1.845000e+03 1.302264e+01
1.855000e+03 1.288168e+01
1.865000e+03 1.288441e+01
1.875000e+03 1.297279e+01
1.885000e+03 1.227584e+01
1.895000e+03 1.184876e+01
1.905000e+03 1.216761e+01
1.915000e+03 1.176758e+01
1.925000e+03 1.138722e+01
1.935000e+03 1.163182e+01
1.945000e+03 1.169147e+01
1.955000e+03 1.104045e+01
1.967000e+03 1.133224e+01
1.976000e+03 1.146187e+01
1.984000e+03 1.102259e+01
1.995000e+03 1.076306e+01
2.005000e+03 1.080538e+01
2.015000e+03 1.068308e+01
2.025000e+03 1.073760e+01
2.035000e+03 1.030112e+01
2.045000e+03 1.024407e+01
2.055000e+03 9.292993e+00
2.065000e+03 9.594911e+00
2.074000e+03 1.015856e+01
2.078000e+03 9.805453e+00
2.085000e+03 9.862038e+00
2.095000e+03 9.543458e+00
2.105000e+03 9.595244e+00
2.115000e+03 9.551189e+00
2.125000e+03 9.513733e+00
2.135000e+03 9.314987e+00
2.145000e+03 9.117841e+00
2.155000e+03 9.183556e+00
2.165000e+03 8.988410e+00
2.175000e+03 8.914030e+00
2.185000e+03 8.749075e+00
2.195000e+03 8.776201e+00
2.205000e+03 8.631041e+00
2.215000e+03 8.446358e+00
2.225000e+03 8.313128e+00
2.235000e+03 8.286268e+00
2.245000e+03 8.177032e+00
2.255000e+03 7.991416e+00
2.265000e+03 7.984951e+00
2.275000e+03 7.919835e+00
2.285000e+03 7.849321e+00
2.295000e+03 7.590192e+00
2.305000e+03 7.572997e+00
2.315000e+03 7.464960e+00
2.325000e+03 6.898448e+00
2.335000e+03 7.227691e+00
2.345000e+03 7.134850e+00
2.355000e+03 7.123453e+00
2.365000e+03 6.980825e+00
2.375000e+03 6.918842e+00
2.385000e+03 6.732493e+00
2.395000e+03 6.760352e+00
2.405000e+03 6.653968e+00
2.415000e+03 6.595224e+00
2.425000e+03 6.582074e+00
2.435000e+03 6.446978e+00
2.445000e+03 6.432955e+00
2.455000e+03 6.362354e+00
2.465000e+03 6.278790e+00
2.475000e+03 6.192701e+00
2.485000e+03 6.155577e+00
2.495000e+03 5.723762e+00
2.505000e+03 6.030378e+00
2.513000e+03 5.791370e+00
2.518000e+03 5.910471e+00
2.525000e+03 5.846382e+00
2.535000e+03 5.785519e+00
2.545000e+03 5.698329e+00
2.555000e+03 5.700282e+00
2.565000e+03 5.634973e+00
2.575000e+03 5.623176e+00
2.585000e+03 5.566152e+00
2.595000e+03 5.498830e+00
2.605000e+03 5.418652e+00
2.615000e+03 5.356396e+00
2.625000e+03 5.325978e+00
2.635000e+03 5.282183e+00
2.645000e+03 5.296506e+00
2.655000e+03 5.245406e+00
2.665000e+03 5.140842e+00
2.675000e+03 5.116108e+00
2.685000e+03 5.083177e+00
2.695000e+03 4.984904e+00
2.705000e+03 4.961657e+00
2.715000e+03 4.892143e+00
2.725000e+03 4.836851e+00
2.735000e+03 4.803494e+00
2.745000e+03 4.706227e+00
2.755000e+03 4.674296e+00
2.765000e+03 4.642404e+00
2.775000e+03 4.650309e+00
2.785000e+03 4.592911e+00
2.795000e+03 4.424764e+00
2.805000e+03 4.450590e+00
2.815000e+03 4.487340e+00
2.825000e+03 4.433921e+00
2.835000e+03 4.352217e+00
2.845000e+03 4.333162e+00
2.855000e+03 4.292047e+00
2.865000e+03 4.281216e+00
2.875000e+03 4.233356e+00
2.885000e+03 4.202951e+00
2.895000e+03 4.159796e+00
2.910000e+03 4.126912e+00
2.930000e+03 4.043781e+00
2.950000e+03 3.955492e+00
2.970000e+03 3.905039e+00
2.990000e+03 3.834545e+00
3.010000e+03 3.768417e+00
3.030000e+03 3.708100e+00
3.050000e+03 3.643931e+00
3.070000e+03 3.580308e+00
3.090000e+03 3.515346e+00
3.110000e+03 3.458415e+00
3.130000e+03 3.391273e+00
3.150000e+03 3.341260e+00
3.170000e+03 3.284409e+00
3.190000e+03 3.208396e+00
3.210000e+03 3.170467e+00
3.230000e+03 3.121020e+00
3.250000e+03 3.080525e+00
3.270000e+03 3.035130e+00
3.290000e+03 2.989649e+00
3.310000e+03 2.947268e+00
3.330000e+03 2.898521e+00
3.350000e+03 2.847422e+00
3.370000e+03 2.804034e+00
3.390000e+03 2.765304e+00
3.410000e+03 2.729241e+00
3.430000e+03 2.649489e+00
3.450000e+03 2.611939e+00
3.470000e+03 2.583634e+00
3.490000e+03 2.549170e+00
3.510000e+03 2.521624e+00
3.530000e+03 2.483974e+00
3.550000e+03 2.455502e+00
3.570000e+03 2.413694e+00
3.590000e+03 2.373505e+00
3.610000e+03 2.348225e+00
3.630000e+03 2.319513e+00
3.640000e+03 2.307196e+00
3.650000e+03 2.003719e+00
3.670000e+03 1.966976e+00
3.690000e+03 1.942749e+00
3.710000e+03 2.030585e+00
3.730000e+03 2.008631e+00
3.750000e+03 2.185029e+00
3.770000e+03 2.185096e+00
3.790000e+03 2.300418e+00
3.810000e+03 2.412494e+00
3.830000e+03 2.128212e+00
3.850000e+03 2.426590e+00
3.870000e+03 2.455289e+00
3.890000e+03 2.012083e+00
3.910000e+03 2.409908e+00
3.930000e+03 2.283702e+00
3.950000e+03 2.322918e+00
3.970000e+03 1.836391e+00
3.990000e+03 2.282303e+00
4.010000e+03 2.299878e+00
4.030000e+03 2.240601e+00
4.050000e+03 2.243860e+00
4.070000e+03 2.186262e+00
4.090000e+03 2.060643e+00
4.110000e+03 1.818550e+00
4.130000e+03 2.086343e+00
4.150000e+03 2.082744e+00
4.170000e+03 2.058084e+00
4.190000e+03 2.033904e+00
4.210000e+03 2.009711e+00
4.230000e+03 1.981185e+00
4.250000e+03 1.954759e+00
4.270000e+03 1.912624e+00
4.290000e+03 1.888904e+00
4.310000e+03 1.829393e+00
4.330000e+03 1.713732e+00
4.350000e+03 1.571570e+00
4.370000e+03 1.799262e+00
4.390000e+03 1.761825e+00
4.410000e+03 1.755414e+00
4.430000e+03 1.745210e+00
4.450000e+03 1.727494e+00
4.470000e+03 1.684066e+00
4.490000e+03 1.688898e+00
4.510000e+03 1.692477e+00
4.530000e+03 1.650556e+00
4.550000e+03 1.625842e+00
4.570000e+03 1.628495e+00
4.590000e+03 1.594997e+00
4.610000e+03 1.589386e+00
4.630000e+03 1.560660e+00
4.650000e+03 1.542598e+00
4.670000e+03 1.533867e+00
4.690000e+03 1.509674e+00
4.710000e+03 1.477230e+00
4.730000e+03 1.480529e+00
4.750000e+03 1.469852e+00
4.770000e+03 1.456349e+00
4.790000e+03 1.436914e+00
4.810000e+03 1.415886e+00
4.830000e+03 1.394739e+00
4.850000e+03 1.297025e+00
4.857871e+03 1.243596e+00
4.857953e+03 1.243097e+00
4.858036e+03 1.242635e+00
4.858118e+03 1.242230e+00
4.858201e+03 1.241913e+00
4.858284e+03 1.241731e+00
4.858366e+03 1.241750e+00
4.858449e+03 1.242070e+00
4.858531e+03 1.242831e+00
4.858614e+03 1.244234e+00
4.858696e+03 1.246559e+00
4.858779e+03 1.250196e+00
4.858862e+03 1.255677e+00
4.858944e+03 1.263718e+00
4.859027e+03 1.275274e+00
4.859109e+03 1.291601e+00
4.859192e+03 1.314322e+00
4.859275e+03 1.345514e+00
4.859357e+03 1.387790e+00
4.859440e+03 1.444391e+00
4.859522e+03 1.519271e+00
4.859605e+03 1.617182e+00
4.859688e+03 1.743730e+00
4.859770e+03 1.905412e+00
4.859853e+03 2.109608e+00
4.859935e+03 2.364526e+00
4.860018e+03 2.679077e+00
4.860100e+03 3.062675e+00
4.860183e+03 3.524952e+00
4.860266e+03 4.075390e+00
4.860348e+03 4.722854e+00
4.860431e+03 5.475057e+00
4.860513e+03 6.337958e+00
4.860596e+03 7.315124e+00
4.860679e+03 8.407089e+00
4.860761e+03 9.610756e+00
4.860844e+03 1.091888e+01
4.860926e+03 1.231968e+01
4.861009e+03 1.379666e+01
4.861092e+03 1.532859e+01
4.861174e+03 1.688982e+01
4.861257e+03 1.845079e+01
4.861339e+03 1.997885e+01
4.861422e+03 2.143931e+01
4.861504e+03 2.279670e+01
4.861587e+03 2.401616e+01
4.861670e+03 2.506494e+01
4.861752e+03 2.591381e+01
4.861835e+03 2.653845e+01
4.861917e+03 2.692058e+01
4.862000e+03 2.704887e+01
4.862083e+03 2.691946e+01
4.862165e+03 2.653621e+01
4.862248e+03 2.591046e+01
4.862330e+03 2.506046e+01
4.862413e+03 2.401057e+01
4.862496e+03 2.278998e+01
4.862578e+03 2.143147e+01
4.862661e+03 1.996989e+01
4.862743e+03 1.844072e+01
4.862826e+03 1.687863e+01
4.862908e+03 1.531628e+01
4.862991e+03 1.378323e+01
4.863074e+03 1.230513e+01
4.863156e+03 1.090321e+01
4.863239e+03 9.593962e+00
4.863321e+03 8.389175e+00
4.863404e+03 7.296091e+00
4.863487e+03 6.317805e+00
4.863569e+03 5.453785e+00
4.863652e+03 4.700462e+00
4.863734e+03 4.051878e+00
4.863817e+03 3.500321e+00
4.863900e+03 3.036924e+00
4.863982e+03 2.652207e+00
4.864065e+03 2.336536e+00
4.864147e+03 2.080498e+00
4.864230e+03 1.875183e+00
4.864312e+03 1.712381e+00
4.864395e+03 1.584714e+00
4.864478e+03 1.485683e+00
4.864560e+03 1.409683e+00
4.864643e+03 1.351963e+00
4.864725e+03 1.308567e+00
4.864808e+03 1.276256e+00
4.864891e+03 1.252415e+00
4.864973e+03 1.234969e+00
4.865056e+03 1.222293e+00
4.865138e+03 1.213132e+00
4.865221e+03 1.206532e+00
4.865304e+03 1.201775e+00
4.865386e+03 1.198330e+00
4.865469e+03 1.195808e+00
4.865551e+03 1.193927e+00
4.865634e+03 1.192488e+00
4.865716e+03 1.191349e+00
4.865799e+03 1.190412e+00
4.865882e+03 1.189609e+00
4.865964e+03 1.188894e+00
4.866047e+03 1.188236e+00
4.870000e+03 1.161349e+00
4.890000e+03 1.340927e+00
4.910000e+03 1.336035e+00
4.930000e+03 1.305883e+00
4.950000e+03 1.315807e+00
4.956082e+03 1.312030e+00
4.956166e+03 1.312112e+00
4.956251e+03 1.312277e+00
4.956335e+03 1.312570e+00
4.956419e+03 1.313059e+00
4.956503e+03 1.313848e+00
4.956588e+03 1.315088e+00
4.956672e+03 1.316996e+00
4.956756e+03 1.319890e+00
4.956840e+03 1.324215e+00
4.956925e+03 1.330600e+00
4.957009e+03 1.339911e+00
4.957093e+03 1.353335e+00
4.957177e+03 1.372472e+00
4.957262e+03 1.399454e+00
4.957346e+03 1.437078e+00
4.957430e+03 1.488971e+00
4.957514e+03 1.559764e+00
4.957599e+03 1.655290e+00
4.957683e+03 1.782777e+00
4.957767e+03 1.951053e+00
4.957852e+03 2.170716e+00
4.957936e+03 2.454276e+00
4.958020e+03 2.816229e+00
4.958104e+03 3.273045e+00
4.958189e+03 3.843037e+00
4.958273e+03 4.546086e+00
4.958357e+03 5.403198e+00
4.958441e+03 6.435868e+00
4.958526e+03 7.665248e+00
4.958610e+03 9.111122e+00
4.958694e+03 1.079070e+01
4.958778e+03 1.271728e+01
4.958863e+03 1.489881e+01
4.958947e+03 1.733650e+01
4.959031e+03 2.002342e+01
4.959115e+03 2.294342e+01
4.959200e+03 2.607021e+01
4.959284e+03 2.936697e+01
4.959368e+03 3.278635e+01
4.959452e+03 3.627110e+01
4.959537e+03 3.975527e+01
4.959621e+03 4.316600e+01
4.959705e+03 4.642591e+01
4.959789e+03 4.945583e+01
4.959874e+03 5.217800e+01
4.959958e+03 5.451932e+01
4.960042e+03 5.641459e+01
4.960126e+03 5.780954e+01
4.960211e+03 5.866338e+01
4.960295e+03 5.895081e+01
4.960379e+03 5.866327e+01
4.960464e+03 5.780932e+01
4.960548e+03 5.641426e+01
4.960632e+03 5.451888e+01
4.960716e+03 5.217745e+01
4.960801e+03 4.945517e+01
4.960885e+03 4.642513e+01
4.960969e+03 4.316512e+01
4.961053e+03 3.975427e+01
4.961138e+03 3.627000e+01
4.961222e+03 3.278514e+01
4.961306e+03 2.936565e+01
4.961390e+03 2.606878e+01
4.961475e+03 2.294187e+01
4.961559e+03 2.002177e+01
4.961643e+03 1.733473e+01
4.961727e+03 1.489694e+01
4.961812e+03 1.271529e+01
4.961896e+03 1.078861e+01
4.961980e+03 9.108917e+00
4.962064e+03 7.662932e+00
4.962149e+03 6.433441e+00
4.962233e+03 5.400661e+00
4.962317e+03 4.543439e+00
4.962401e+03 3.840280e+00
4.962486e+03 3.270178e+00
4.962570e+03 2.813252e+00
4.962654e+03 2.451188e+00
4.962738e+03 2.167518e+00
4.962823e+03 1.947745e+00
4.962907e+03 1.779359e+00
4.962991e+03 1.651761e+00
4.963076e+03 1.556125e+00
4.963160e+03 1.485221e+00
4.963244e+03 1.433218e+00
4.963328e+03 1.395484e+00
4.963413e+03 1.368392e+00
4.963497e+03 1.349144e+00
4.963581e+03 1.335610e+00
4.963665e+03 1.326188e+00
4.963750e+03 1.319694e+00
4.963834e+03 1.315258e+00
4.963918e+03 1.312254e+00
4.964002e+03 1.310235e+00
4.964087e+03 1.308886e+00
4.964171e+03 1.307987e+00
4.964255e+03 1.307387e+00
4.964339e+03 1.306984e+00
4.964424e+03 1.306709e+00
4.964508e+03 1.306516e+00
4.970000e+03 1.302717e+00
4.990000e+03 1.273779e+00
5.002532e+03 1.253282e+00
5.002646e+03 1.253387e+00
5.002760e+03 1.253669e+00
5.002874e+03 1.254227e+00
5.002989e+03 1.255207e+00
5.003103e+03 1.256831e+00
5.003217e+03 1.259422e+00
5.003331e+03 1.263451e+00
5.003445e+03 1.269597e+00
5.003559e+03 1.278819e+00
5.003673e+03 1.292466e+00
5.003788e+03 1.312401e+00
5.003902e+03 1.341174e+00
5.004016e+03 1.382224e+00
5.004130e+03 1.440127e+00
5.004244e+03 1.520900e+00
5.004358e+03 1.632332e+00
5.004472e+03 1.784376e+00
5.004587e+03 1.989562e+00
5.004701e+03 2.263426e+00
5.004815e+03 2.624932e+00
5.004929e+03 3.096856e+00
5.005043e+03 3.706077e+00
5.005157e+03 4.483743e+00
5.005271e+03 5.465243e+00
5.005386e+03 6.689926e+00
5.005500e+03 8.200513e+00
5.005614e+03 1.004214e+01
5.005728e+03 1.226099e+01
5.005842e+03 1.490252e+01
5.005956e+03 1.800923e+01
5.006070e+03 2.161811e+01
5.006185e+03 2.575772e+01
5.006299e+03 3.044516e+01
5.006413e+03 3.568301e+01
5.006527e+03 4.145639e+01
5.006641e+03 4.773059e+01
5.006755e+03 5.444914e+01
5.006869e+03 6.153289e+01
5.006983e+03 6.888013e+01
5.007098e+03 7.636782e+01
5.007212e+03 8.385426e+01
5.007326e+03 9.118292e+01
5.007440e+03 9.818748e+01
5.007554e+03 1.046979e+02
5.007668e+03 1.105470e+02
5.007782e+03 1.155778e+02
5.007897e+03 1.196501e+02
5.008011e+03 1.226474e+02
5.008125e+03 1.244820e+02
5.008239e+03 1.250995e+02
5.008353e+03 1.244816e+02
5.008467e+03 1.226467e+02
5.008581e+03 1.196490e+02
5.008696e+03 1.155763e+02
5.008810e+03 1.105451e+02
5.008924e+03 1.046956e+02
5.009038e+03 9.818482e+01
5.009152e+03 9.117988e+01
5.009266e+03 8.385084e+01
5.009380e+03 7.636402e+01
5.009495e+03 6.887595e+01
5.009609e+03 6.152834e+01
5.009723e+03 5.444420e+01
5.009837e+03 4.772527e+01
5.009951e+03 4.145070e+01
5.010000e+03 3.891204e+01
5.010065e+03 3.567706e+01
5.010179e+03 3.043908e+01
5.010293e+03 2.575150e+01
5.010408e+03 2.161175e+01
5.010522e+03 1.800273e+01
5.010636e+03 1.489587e+01
5.010750e+03 1.225420e+01
5.010864e+03 1.003521e+01
5.010978e+03 8.193446e+00
5.011092e+03 6.682718e+00
5.011207e+03 5.457894e+00
5.011321e+03 4.476254e+00
5.011435e+03 3.698447e+00
5.011549e+03 3.089085e+00
5.011663e+03 2.617021e+00
5.011777e+03 2.255374e+00
5.011891e+03 1.981369e+00
5.012006e+03 1.776042e+00
5.012120e+03 1.623857e+00
5.012234e+03 1.512284e+00
5.012348e+03 1.431371e+00
5.012462e+03 1.373327e+00
5.012576e+03 1.332137e+00
5.012690e+03 1.303223e+00
5.012805e+03 1.283146e+00
5.012919e+03 1.269359e+00
5.013033e+03 1.259996e+00
5.013147e+03 1.253709e+00
5.013261e+03 1.249539e+00
5.013375e+03 1.246807e+00
5.013489e+03 1.245042e+00
5.013604e+03 1.243921e+00
5.013718e+03 1.243223e+00
5.013832e+03 1.242800e+00
5.030000e+03 1.249025e+00
5.050000e+03 1.230124e+00
5.070000e+03 1.231910e+00
5.090000e+03 1.209309e+00
5.110000e+03 1.199392e+00
5.130000e+03 1.178878e+00
5.150000e+03 1.162076e+00
5.170000e+03 1.144694e+00
5.190000e+03 1.138849e+00
5.210000e+03 1.130971e+00
5.230000e+03 1.123260e+00
5.250000e+03 1.119114e+00
5.270000e+03 1.088622e+00
5.290000e+03 1.099939e+00
5.310000e+03 1.094101e+00
5.330000e+03 1.069208e+00
5.350000e+03 1.075006e+00
5.370000e+03 1.064669e+00
5.390000e+03 1.049100e+00
5.410000e+03 1.035197e+00
5.430000e+03 1.027892e+00
5.450000e+03 1.028945e+00
5.470000e+03 1.013790e+00
5.490000e+03 1.004505e+00
5.510000e+03 9.954946e-01
5.530000e+03 9.902627e-01
5.550000e+03 9.857772e-01
5.570000e+03 9.736605e-01
5.590000e+03 9.617771e-01
5.610000e+03 9.602109e-01
5.630000e+03 9.507535e-01
5.650000e+03 9.428423e-01
5.670000e+03 9.301324e-01
5.690000e+03 9.278397e-01
5.710000e+03 9.114442e-01
5.730000e+03 9.178291e-01
5.750000e+03 9.041862e-01
5.770000e+03 9.005472e-01
5.790000e+03 8.875907e-01
5.810000e+03 8.878840e-01
5.830000e+03 8.858912e-01
5.850000e+03 8.747076e-01
5.870000e+03 8.603115e-01
5.890000e+03 8.475150e-01
5.910000e+03 8.537200e-01
5.930000e+03 8.476950e-01
5.950000e+03 8.407235e-01
5.970000e+03 8.386974e-01
5.990000e+03 8.284402e-01
6.010000e+03 8.200292e-01
6.030000e+03 8.177365e-01
6.050000e+03 8.147506e-01
6.070000e+03 8.078392e-01
6.090000e+03 7.962090e-01
6.110000e+03 7.908972e-01
6.130000e+03 7.774608e-01
6.150000e+03 7.749015e-01
6.170000e+03 7.663972e-01
6.190000e+03 7.696030e-01
6.210000e+03 7.635113e-01
6.230000e+03 7.522810e-01
6.250000e+03 7.387714e-01
6.270000e+03 7.446498e-01
6.290000e+03 7.417439e-01
6.310000e+03 7.317067e-01
6.330000e+03 7.303004e-01
6.350000e+03 7.248019e-01
6.370000e+03 7.196366e-01
6.390000e+03 7.170973e-01
6.410000e+03 7.090262e-01
6.430000e+03 7.060603e-01
6.450000e+03 7.013616e-01
6.470000e+03 6.968695e-01
6.490000e+03 6.862391e-01
6.510000e+03 6.872522e-01
6.530000e+03 6.816537e-01
6.550000e+03 6.544891e-01
6.557412e+03 6.305768e-01
6.557556e+03 6.302878e-01
6.557700e+03 6.301068e-01
6.557844e+03 6.300939e-01
6.557988e+03 6.303393e-01
6.558133e+03 6.309775e-01
6.558277e+03 6.322064e-01
6.558421e+03 6.343138e-01
6.558565e+03 6.377134e-01
6.558709e+03 6.429918e-01
6.558853e+03 6.509717e-01
6.558997e+03 6.627920e-01
6.559141e+03 6.800089e-01
6.559285e+03 7.047223e-01
6.559429e+03 7.397277e-01
6.559573e+03 7.886975e-01
6.559717e+03 8.563896e-01
6.559861e+03 9.488814e-01
6.560005e+03 1.073824e+00
6.560149e+03 1.240704e+00
6.560293e+03 1.461102e+00
6.560437e+03 1.748926e+00
6.560581e+03 2.120589e+00
6.560725e+03 2.595112e+00
6.560869e+03 3.194105e+00
6.561013e+03 3.941596e+00
6.561157e+03 4.863672e+00
6.561301e+03 5.987895e+00
6.561445e+03 7.342467e+00
6.561589e+03 8.955145e+00
6.561733e+03 1.085188e+01
6.561877e+03 1.305527e+01
6.562021e+03 1.558274e+01
6.562165e+03 1.844474e+01
6.562309e+03 2.164284e+01
6.562454e+03 2.516796e+01
6.562598e+03 2.899890e+01
6.562742e+03 3.310118e+01
6.562886e+03 3.742647e+01
6.563030e+03 4.191266e+01
6.563174e+03 4.648461e+01
6.563318e+03 5.105580e+01
6.563462e+03 5.553064e+01
6.563606e+03 5.980757e+01
6.563750e+03 6.378274e+01
6.563894e+03 6.735412e+01
6.564038e+03 7.042578e+01
6.564182e+03 7.291217e+01
6.564326e+03 7.474209e+01
6.564470e+03 7.586202e+01
6.564614e+03 7.623876e+01
6.564758e+03 7.586108e+01
6.564902e+03 7.474021e+01
6.565046e+03 7.290936e+01
6.565190e+03 7.042203e+01
6.565334e+03 6.734944e+01
6.565478e+03 6.377712e+01
6.565622e+03 5.980101e+01
6.565766e+03 5.552314e+01
6.565910e+03 5.104736e+01
6.566054e+03 4.647524e+01
6.566198e+03 4.190235e+01
6.566342e+03 3.741523e+01
6.566486e+03 3.308900e+01
6.566630e+03 2.898578e+01
6.566774e+03 2.515391e+01
6.566919e+03 2.162784e+01
6.567063e+03 1.842881e+01
6.567207e+03 1.556587e+01
6.567351e+03 1.303746e+01
6.567495e+03 1.083314e+01
6.567639e+03 8.935465e+00
6.567783e+03 7.321850e+00
6.567927e+03 5.966341e+00
6.568071e+03 4.841181e+00
6.568215e+03 3.918168e+00
6.568359e+03 3.169740e+00
6.568503e+03 2.569810e+00
6.568647e+03 2.094349e+00
6.568791e+03 1.721749e+00
6.568935e+03 1.432988e+00
6.569079e+03 1.211652e+00
6.569223e+03 1.043835e+00
6.569367e+03 9.179559e-01
6.569511e+03 8.245270e-01
6.569655e+03 7.558978e-01
6.569799e+03 7.059909e-01
6.569943e+03 6.700483e-01
6.570000e+03 6.588802e-01
6.570087e+03 6.450015e-01
6.570231e+03 6.278440e-01
6.570375e+03 6.160831e-01
6.570519e+03 6.081625e-01
6.570663e+03 6.029434e-01
6.570807e+03 5.996031e-01
6.570951e+03 5.975549e-01
6.571095e+03 5.963851e-01
6.571240e+03 5.958060e-01
6.571384e+03 5.956197e-01
6.571528e+03 5.956916e-01
6.571672e+03 5.959316e-01
6.571816e+03 5.962796e-01
6.590000e+03 6.625389e-01
6.610000e+03 6.652368e-01
6.630000e+03 6.627875e-01
6.650000e+03 6.581428e-01
6.670000e+03 6.497397e-01
6.690000e+03 6.505475e-01
6.710000e+03 6.428070e-01
6.730000e+03 6.437094e-01
6.750000e+03 6.367693e-01
6.770000e+03 6.342586e-01
6.790000e+03 6.289221e-01
6.810000e+03 6.250192e-01
6.830000e+03 6.225818e-01
6.850000e+03 6.145580e-01
6.870000e+03 6.130551e-01
6.890000e+03 6.116102e-01
6.910000e+03 6.063429e-01
6.930000e+03 6.009511e-01
6.950000e+03 5.944342e-01
6.970000e+03 5.924647e-01
6.990000e+03 5.874808e-01
7.010000e+03 5.799475e-01
7.030000e+03 5.797122e-01
7.050000e+03 5.783566e-01
7.070000e+03 5.697576e-01
7.090000e+03 5.683613e-01
7.110000e+03 5.618344e-01
7.130000e+03 5.568585e-01
7.150000e+03 5.542478e-01
7.170000e+03 5.526436e-01
7.190000e+03 5.442186e-01
7.210000e+03 5.445525e-01
7.230000e+03 5.429296e-01
7.250000e+03 5.407329e-01
7.270000e+03 5.370505e-01
7.290000e+03 5.285262e-01
7.310000e+03 5.285235e-01
7.330000e+03 5.263595e-01
7.350000e+03 5.228551e-01
7.370000e+03 5.231097e-01
7.390000e+03 5.167614e-01
7.410000e+03 5.108277e-01
7.430000e+03 5.109523e-01
7.450000e+03 5.088196e-01
7.470000e+03 5.059684e-01
7.490000e+03 5.020648e-01
7.510000e+03 5.008151e-01
7.530000e+03 4.993328e-01
7.550000e+03 4.977726e-01
7.570000e+03 4.936784e-01
7.590000e+03 4.900467e-01
7.610000e+03 4.879946e-01
7.630000e+03 4.856173e-01
7.650000e+03 4.832752e-01
7.670000e+03 4.761638e-01
7.690000e+03 4.780473e-01
7.710000e+03 4.715998e-01
7.730000e+03 4.705461e-01
7.750000e+03 4.669170e-01
7.770000e+03 4.652562e-01
7.790000e+03 4.646490e-01
7.810000e+03 4.624629e-01
7.830000e+03 4.584780e-01
7.850000e+03 4.540032e-01
7.870000e+03 4.518312e-01
7.890000e+03 4.448051e-01
7.910000e+03 4.389720e-01
7.930000e+03 4.371159e-01
7.950000e+03 4.328604e-01
7.970000e+03 4.361408e-01
7.990000e+03 4.330656e-01
8.010000e+03 4.356196e-01
8.030000e+03 4.337848e-01
8.050000e+03 4.303504e-01
8.070000e+03 4.283223e-01
8.090000e+03 4.241101e-01
8.110000e+03 4.227464e-01
8.130000e+03 4.215414e-01
8.150000e+03 4.191734e-01
8.170000e+03 4.172886e-01
8.190000e+03 4.125599e-01
8.210000e+03 3.909885e-01
8.230000e+03 3.896988e-01
8.250000e+03 3.885165e-01
8.270000e+03 3.866063e-01
8.290000e+03 3.831726e-01
8.310000e+03 3.777088e-01
8.330000e+03 3.740111e-01
8.350000e+03 3.750068e-01
8.370000e+03 3.708586e-01
8.390000e+03 3.679188e-01
8.410000e+03 3.707540e-01
8.430000e+03 3.703501e-01
8.450000e+03 3.711799e-01
8.470000e+03 3.622150e-01
8.490000e+03 3.727321e-01
8.510000e+03 3.508074e-01
8.530000e+03 3.714605e-01
8.550000e+03 3.277517e-01
8.570000e+03 3.743350e-01
8.590000e+03 3.596037e-01
8.610000e+03 3.545171e-01
8.630000e+03 3.703674e-01
8.650000e+03 3.629155e-01
8.670000e+03 3.185636e-01
8.690000e+03 3.603128e-01
8.710000e+03 3.645244e-01
8.730000e+03 3.596677e-01
8.750000e+03 3.320252e-01
8.770000e+03 3.533634e-01
8.790000e+03 3.576542e-01
8.810000e+03 3.545044e-01
8.830000e+03 3.521664e-01
8.850000e+03 3.427643e-01
8.870000e+03 3.224185e-01
8.890000e+03 3.469565e-01
8.910000e+03 3.479742e-01
8.930000e+03 3.453936e-01
8.950000e+03 3.434814e-01
8.970000e+03 3.421618e-01
8.990000e+03 3.382222e-01
9.010000e+03 3.120714e-01
9.030000e+03 3.251711e-01
9.050000e+03 3.354097e-01
9.070000e+03 3.328150e-01
9.090000e+03 3.283636e-01
9.110000e+03 3.298678e-01
9.130000e+03 3.293880e-01
9.150000e+03 3.279624e-01
9.170000e+03 3.259029e-01
9.190000e+03 3.243254e-01
9.210000e+03 3.165781e-01
9.230000e+03 2.943189e-01
9.250000e+03 3.120114e-01
9.270000e+03 3.156144e-01
9.290000e+03 3.161356e-01
9.310000e+03 3.155104e-01
9.330000e+03 3.139742e-01
9.350000e+03 3.119567e-01
9.370000e+03 3.090655e-01
9.390000e+03 3.092688e-01
9.410000e+03 3.047180e-01
9.430000e+03 3.062183e-01
9.450000e+03 3.036443e-01
9.470000e+03 3.031138e-01
9.490000e+03 3.017655e-01
9.510000e+03 2.989030e-01
9.530000e+03 2.929513e-01
9.550000e+03 2.731373e-01
9.570000e+03 2.910198e-01
9.590000e+03 2.940210e-01
9.610000e+03 2.917649e-01
9.630000e+03 2.904726e-01
9.650000e+03 2.882199e-01
9.670000e+03 2.869569e-01
9.690000e+03 2.870649e-01
9.710000e+03 2.852047e-01
9.730000e+03 2.838031e-01
9.750000e+03 2.821642e-01
9.770000e+03 2.814171e-01
9.790000e+03 2.788678e-01
9.810000e+03 2.797275e-01
9.830000e+03 2.783999e-01
9.850000e+03 2.771842e-01
9.870000e+03 2.754021e-01
9.890000e+03 2.739551e-01
9.910000e+03 2.729747e-01
9.930000e+03 2.719563e-01
9.950000e+03 2.709046e-01
9.970000e+03 2.697083e-01
9.990000e+03 2.681827e-01
1.002500e+04 2.422871e-01
1.007500e+04 2.363074e-01
1.012500e+04 2.402543e-01
1.017500e+04 2.370652e-01
1.022500e+04 2.351684e-01
1.027500e+04 2.332909e-01
1.032500e+04 2.288088e-01
1.037500e+04 2.265074e-01
1.042500e+04 2.249365e-01
1.047500e+04 2.215574e-01
1.052500e+04 2.199999e-01
1.057500e+04 2.169814e-01
1.062500e+04 2.145494e-01
1.067500e+04 2.104212e-01
1.072500e+04 2.092868e-01
1.077500e+04 2.065089e-01
1.082500e+04 2.032544e-01
1.087500e+04 2.014656e-01
1.092500e+04 1.938863e-01
1.097500e+04 1.959684e-01
1.102500e+04 1.965929e-01
1.107500e+04 1.950820e-01
1.112500e+04 1.927253e-01
1.117500e+04 1.902040e-01
1.122500e+04 1.889604e-01
1.127500e+04 1.856992e-01
1.132500e+04 1.839537e-01
1.137500e+04 1.820922e-01
1.142500e+04 1.795443e-01
1.147500e+04 1.794869e-01
1.152500e+04 1.778461e-01
1.157500e+04 1.752548e-01
1.162500e+04 1.722882e-01
1.167500e+04 1.711332e-01
1.172500e+04 1.709613e-01
1.177500e+04 1.676668e-01
1.182500e+04 1.662772e-01
1.187500e+04 1.634400e-01
1.192500e+04 1.643218e-01
1.197500e+04 1.598003e-01
1.202500e+04 1.604388e-01
1.207500e+04 1.582774e-01
1.212500e+04 1.571717e-01
1.217500e+04 1.564139e-01
1.222500e+04 1.547077e-01
1.227500e+04 1.530488e-01
1.232500e+04 1.517519e-01
1.237500e+04 1.503382e-01
1.242500e+04 1.489573e-01
1.247500e+04 1.478023e-01
1.252500e+04 1.460094e-01
1.257500e+04 1.447938e-01
1.262500e+04 1.434455e-01
1.267500e+04 1.419945e-01
1.272500e+04 1.411521e-01
1.277500e+04 1.395878e-01
1.282500e+04 1.328823e-01
1.287500e+04 1.365833e-01
1.292500e+04 1.353263e-01
1.297500e+04 1.350671e-01
1.302500e+04 1.334882e-01
1.307500e+04 1.328090e-01
1.312500e+04 1.309069e-01
1.317500e+04 1.297612e-01
1.322500e+04 1.291594e-01
1.327500e+04 1.270759e-01
1.332500e+04 1.269066e-01
1.337500e+04 1.255310e-01
1.342500e+04 1.252084e-01
1.347500e+04 1.240481e-01
1.352500e+04 1.230630e-01
1.357500e+04 1.210942e-01
1.362500e+04 1.201545e-01
1.367500e+04 1.195780e-01
1.372500e+04 1.188508e-01
1.377500e+04 1.179291e-01
1.382500e+04 1.171840e-01
1.387500e+04 1.158257e-01
1.392500e+04 1.154871e-01
1.397500e+04 1.147826e-01
1.402500e+04 1.130011e-01
1.407500e+04 1.129711e-01
1.412500e+04 1.115348e-01
1.417500e+04 1.114255e-01
1.422500e+04 1.095807e-01
1.427500e+04 1.082657e-01
1.432500e+04 1.086236e-01
1.437500e+04 1.083037e-01
1.442500e+04 1.055465e-01
1.447500e+04 1.065615e-01
1.452500e+04 1.048253e-01
1.457000e+04 1.047487e-01
1.462000e+04 1.042049e-01
1.467500e+04 1.035904e-01
1.472500e+04 1.018362e-01
1.477500e+04 1.015629e-01
1.482500e+04 1.008784e-01
1.487500e+04 9.956945e-02
1.492500e+04 1.000860e-01
1.497500e+04 9.886231e-02
1.502500e+04 9.761532e-02
1.507500e+04 9.653028e-02
1.512500e+04 9.714078e-02
1.517500e+04 9.677488e-02
1.522500e+04 9.651495e-02
1.527500e+04 9.547390e-02
1.532500e+04 9.472211e-02
1.537500e+04 9.528129e-02
1.542500e+04 9.381169e-02
1.547500e+04 9.427956e-02
1.552500e+04 9.319119e-02
1.557500e+04 8.999274e-02
1.562500e+04 9.215681e-02
1.567500e+04 9.054525e-02
1.572500e+04 8.976013e-02
1.577500e+04 8.766137e-02
1.582500e+04 8.832319e-02
1.587500e+04 8.520604e-02
1.592500e+04 8.794729e-02
1.597500e+04 8.654501e-02
1.605000e+04 8.596717e-02
1.615000e+04 8.402970e-02
1.625000e+04 8.363114e-02
1.635000e+04 8.304930e-02
1.645000e+04 7.894509e-02
1.655000e+04 8.028739e-02
1.665000e+04 7.755147e-02
1.675000e+04 7.664038e-02
1.685000e+04 7.350324e-02
1.695000e+04 7.436034e-02
1.705000e+04 7.198766e-02
1.715000e+04 7.120720e-02
1.725000e+04 6.957165e-02
1.735000e+04 6.674642e-02
1.745000e+04 6.691704e-02
1.755000e+04 6.567672e-02
1.765000e+04 6.463520e-02
1.775000e+04 6.323212e-02
1.785000e+04 6.225138e-02
1.795000e+04 6.117794e-02
1.805000e+04 5.974334e-02
1.815000e+04 5.795762e-02
1.825000e+04 5.747809e-02
1.835000e+04 5.658800e-02
1.845000e+04 5.534774e-02
1.855000e+04 5.455409e-02
1.865000e+04 5.323472e-02
1.875000e+04 5.132777e-02
1.885000e+04 5.156691e-02
1.895000e+04 4.992349e-02
1.905000e+04 4.994502e-02
1.915000e+04 4.894182e-02
1.925000e+04 4.814057e-02
1.935000e+04 4.696736e-02
1.945000e+04 4.541792e-02
1.955000e+04 4.552142e-02
1.965000e+04 4.473317e-02
1.975000e+04 4.386561e-02
1.985000e+04 4.320332e-02
1.995000e+04 4.247772e-02
2.005000e+04 4.202578e-02
2.015000e+04 4.140941e-02
2.025000e+04 4.039289e-02
2.035000e+04 3.963237e-02
2.045000e+04 3.934671e-02
2.055000e+04 3.862897e-02
2.065000e+04 3.784939e-02
2.075000e+04 3.728028e-02
2.085000e+04 3.668317e-02
2.095000e+04 3.593611e-02
2.105000e+04 3.558014e-02
2.115000e+04 3.490386e-02
2.125000e+04 3.434021e-02
2.135000e+04 3.391200e-02
2.145000e+04 3.336315e-02
2.155000e+04 3.281976e-02
2.165000e+04 3.173686e-02
2.175000e+04 3.160443e-02
2.185000e+04 3.116828e-02
2.195000e+04 3.076819e-02
2.205000e+04 3.009251e-02
2.215000e+04 2.982305e-02
2.225000e+04 2.919462e-02
2.235000e+04 2.879300e-02
2.245000e+04 2.838937e-02
2.255000e+04 2.793976e-02
2.265000e+04 2.746716e-02
2.275000e+04 2.715878e-02
2.285000e+04 2.663512e-02
2.295000e+04 2.361015e-02
2.305000e+04 2.471704e-02
2.315000e+04 2.440653e-02
2.325000e+04 2.182204e-02
2.335000e+04 2.290221e-02
2.345000e+04 2.264468e-02
2.355000e+04 2.028539e-02
2.365000e+04 2.147546e-02
2.375000e+04 2.116935e-02
2.385000e+04 1.926527e-02
2.395000e+04 2.019081e-02
2.405000e+04 2.015003e-02
2.415000e+04 1.855793e-02
2.425000e+04 1.927840e-02
2.435000e+04 1.917702e-02
2.445000e+04 1.815850e-02
2.455000e+04 1.813624e-02
2.465000e+04 1.849081e-02
2.475000e+04 1.789371e-02
2.485000e+04 1.718444e-02
2.495000e+04 1.747256e-02
2.505000e+04 1.782280e-02
2.515000e+04 1.655048e-02
2.525000e+04 1.687046e-02
2.535000e+04 1.695423e-02
2.545000e+04 1.654594e-02
2.555000e+04 1.625356e-02
2.565000e+04 1.614112e-02
2.575000e+04 1.623056e-02
2.585000e+04 1.549683e-02
2.595000e+04 1.561473e-02
2.605000e+04 1.559061e-02
2.615000e+04 1.513346e-02
2.625000e+04 1.486120e-02
2.635000e+04 1.501790e-02
2.645000e+04 1.490759e-02
2.655000e+04 1.459488e-02
2.665000e+04 1.431642e-02
2.675000e+04 1.436874e-02
2.685000e+04 1.426850e-02
2.695000e+04 1.393346e-02
2.705000e+04 1.392519e-02
2.715000e+04 1.376137e-02
2.725000e+04 1.367113e-02
2.735000e+04 1.334149e-02
2.745000e+04 1.330956e-02
2.755000e+04 1.310715e-02
2.765000e+04 1.297439e-02
2.775000e+04 1.279010e-02
2.785000e+04 1.271779e-02
2.795000e+04 1.263388e-02
2.805000e+04 1.246646e-02
2.815000e+04 1.226725e-02
2.825000e+04 1.215694e-02
2.835000e+04 1.205597e-02
2.845000e+04 1.189408e-02
2.855000e+04 1.174339e-02
2.865000e+04 1.158797e-02
2.875000e+04 1.135283e-02
2.885000e+04 1.133490e-02
2.895000e+04 1.120627e-02
2.905000e+04 1.106817e-02
2.915000e+04 1.095194e-02
2.925000e+04 1.077592e-02
2.935000e+04 1.070747e-02
2.945000e+04 1.053979e-02
2.955000e+04 1.042368e-02
2.965000e+04 1.032185e-02
2.975000e+04 1.019635e-02
2.985000e+04 1.006658e-02
2.995000e+04 9.941483e-03
3.005000e+04 9.819383e-03
3.015000e+04 9.716011e-03
3.025000e+04 9.584514e-03
3.035000e+04 9.358642e-03
3.045000e+04 9.331050e-03
3.055000e+04 9.237675e-03
3.065000e+04 9.126705e-03
3.075000e+04 9.035264e-03
3.085000e+04 8.906699e-03
3.095000e+04 8.799195e-03
3.105000e+04 8.714085e-03
3.115000e+04 8.567925e-03
3.125000e+04 8.498677e-03
3.135000e+04 8.402503e-03
3.145000e+04 8.301664e-03
3.155000e+04 8.185229e-03
3.165000e+04 8.097253e-03
3.175000e+04 8.007878e-03
3.185000e+04 7.913104e-03
3.195000e+04 7.827527e-03
3.210000e+04 7.681834e-03
3.230000e+04 7.503016e-03
3.250000e+04 7.329197e-03
3.270000e+04 7.156111e-03
3.290000e+04 6.938570e-03
3.310000e+04 6.821336e-03
3.330000e+04 6.664785e-03
3.350000e+04 6.529402e-03
3.370000e+04 6.375264e-03
3.390000e+04 6.222526e-03
3.410000e+04 6.082511e-03
3.430000e+04 5.965116e-03
3.450000e+04 5.837731e-03
3.470000e+04 5.706987e-03
3.490000e+04 5.583507e-03
3.510000e+04 5.466792e-03
3.530000e+04 5.340867e-03
3.550000e+04 5.233963e-03
3.570000e+04 5.117954e-03
3.590000e+04 5.017808e-03
3.610000e+04 4.911118e-03
3.630000e+04 4.819976e-03
3.650000e+04 4.698649e-03
3.670000e+04 4.612346e-03
3.690000e+04 4.492505e-03
3.710000e+04 4.410974e-03
3.730000e+04 4.325211e-03
3.750000e+04 4.197946e-03
3.770000e+04 4.162529e-03
3.790000e+04 4.079778e-03
3.810000e+04 3.992775e-03
3.830000e+04 3.923554e-03
3.850000e+04 3.854606e-03
3.870000e+04 3.771869e-03
3.890000e+04 3.699709e-03
3.910000e+04 3.617618e-03
3.930000e+04 3.563013e-03
3.950000e+04 3.486294e-03
3.970000e+04 3.425250e-03
3.990000e+04 3.344792e-03
4.010000e+04 3.285355e-03
4.030000e+04 3.225005e-03
4.050000e+04 3.150372e-03
4.070000e+04 3.112836e-03
4.090000e+04 3.056978e-03
4.110000e+04 3.003812e-03
4.130000e+04 2.950354e-03
4.150000e+04 2.891690e-03
4.170000e+04 2.826034e-03
4.190000e+04 2.785339e-03
4.210000e+04 2.730734e-03
4.230000e+04 2.693350e-03
4.250000e+04 2.638425e-03
4.270000e+04 2.597117e-03
4.290000e+04 2.440526e-03
4.310000e+04 2.314561e-03
4.330000e+04 2.341247e-03
4.350000e+04 2.199825e-03
4.370000e+04 2.137789e-03
4.390000e+04 2.097627e-03
4.410000e+04 1.963523e-03
4.430000e+04 1.959624e-03
4.450000e+04 1.906872e-03
4.470000e+04 1.806253e-03
4.490000e+04 1.838591e-03
4.510000e+04 1.778067e-03
4.530000e+04 1.702641e-03
4.550000e+04 1.714458e-03
4.570000e+04 1.688832e-03
4.590000e+04 1.602795e-03
4.610000e+04 1.633287e-03
4.630000e+04 1.588273e-03
4.650000e+04 1.561713e-03
4.670000e+04 1.549416e-03
4.690000e+04 1.528629e-03
4.710000e+04 1.492705e-03
4.730000e+04 1.505688e-03
4.750000e+04 1.470865e-03
4.770000e+04 1.451463e-03
4.790000e+04 1.427890e-03
4.810000e+04 1.393186e-03
4.830000e+04 1.409108e-03
4.850000e+04 1.377384e-03
4.870000e+04 1.346932e-03
4.890000e+04 1.337861e-03
4.910000e+04 1.311155e-03
4.930000e+04 1.295219e-03
4.950000e+04 1.273699e-03
4.970000e+04 1.268073e-03
4.990000e+04 1.244347e-03
5.010000e+04 1.237042e-03
5.030000e+04 1.219320e-03
5.050000e+04 1.187715e-03
5.070000e+04 1.177092e-03
5.090000e+04 1.165195e-03
5.110000e+04 1.141675e-03
5.130000e+04 1.124099e-03
5.150000e+04 1.112069e-03
5.170000e+04 1.114409e-03
5.190000e+04 1.089102e-03
5.210000e+04 1.073060e-03
5.230000e+04 1.058404e-03
5.250000e+04 1.051733e-03
5.270000e+04 1.052746e-03
5.290000e+04 1.019135e-03
5.310000e+04 1.003786e-03
5.330000e+04 9.989403e-04
5.350000e+04 9.860705e-04
5.370000e+04 9.747802e-04
5.390000e+04 9.646163e-04
5.410000e+04 9.529062e-04
5.430000e+04 9.343979e-04
5.450000e+04 9.324051e-04
5.470000e+04 9.140768e-04
5.490000e+04 9.065855e-04
5.510000e+04 8.906632e-04
5.530000e+04 8.986810e-04
5.550000e+04 8.699422e-04
5.570000e+04 8.718284e-04
5.590000e+04 8.543398e-04
5.610000e+04 8.508341e-04
5.630000e+04 8.317726e-04
5.650000e+04 8.303064e-04
5.670000e+04 8.185696e-04
5.690000e+04 8.017409e-04
5.710000e+04 8.008011e-04
5.730000e+04 7.913304e-04
5.750000e+04 7.813598e-04
5.770000e+04 7.704161e-04
5.790000e+04 7.661972e-04
5.810000e+04 7.539806e-04
5.830000e+04 7.457762e-04
5.850000e+04 7.375517e-04
5.870000e+04 7.250018e-04
5.890000e+04 7.179971e-04
5.910000e+04 7.065202e-04
5.930000e+04 7.033144e-04
5.950000e+04 6.927307e-04
5.970000e+04 6.880386e-04
5.990000e+04 6.798142e-04
6.010000e+04 6.722562e-04
6.030000e+04 6.640398e-04
6.050000e+04 6.533681e-04
6.070000e+04 6.467112e-04
6.090000e+04 6.386741e-04
6.110000e+04 6.301351e-04
6.130000e+04 6.244933e-04
6.150000e+04 6.180944e-04
6.170000e+04 6.132730e-04
6.190000e+04 6.053112e-04
6.210000e+04 5.996081e-04
6.230000e+04 5.906985e-04
6.250000e+04 5.820416e-04
6.270000e+04 5.758959e-04
6.290000e+04 5.694390e-04
6.310000e+04 5.627608e-04
6.330000e+04 5.583407e-04
6.350000e+04 5.507341e-04
6.370000e+04 5.468699e-04
6.390000e+04 5.374491e-04
6.420000e+04 5.297912e-04
6.460000e+04 5.170087e-04
6.500000e+04 5.057818e-04
6.540000e+04 4.940403e-04
6.580000e+04 4.838331e-04
6.620000e+04 4.723802e-04
6.660000e+04 4.619951e-04
6.700000e+04 4.521338e-04
6.740000e+04 4.415786e-04
6.780000e+04 4.319153e-04
6.820000e+04 4.223672e-04
6.860000e+04 4.134816e-04
6.900000e+04 4.039862e-04
6.940000e+04 3.952880e-04
6.980000e+04 3.867263e-04
7.020000e+04 3.781993e-04
7.060000e+04 3.703108e-04
7.100000e+04 3.622310e-04
7.140000e+04 3.546177e-04
7.180000e+04 3.469245e-04
7.220000e+04 3.396258e-04
7.260000e+04 3.323752e-04
7.300000e+04 3.254364e-04
7.340000e+04 3.185336e-04
7.380000e+04 3.119694e-04
7.420000e+04 3.052599e-04
7.460000e+04 2.978066e-04
7.500000e+04 2.918202e-04
7.540000e+04 2.867503e-04
7.580000e+04 2.810632e-04
7.620000e+04 2.753481e-04
7.660000e+04 2.697923e-04
7.700000e+04 2.643058e-04
7.740000e+04 2.590432e-04
7.780000e+04 2.539019e-04
7.820000e+04 2.488533e-04
7.860000e+04 2.439340e-04
7.900000e+04 2.391313e-04
7.940000e+04 2.344419e-04
7.980000e+04 2.298925e-04
8.020000e+04 2.253617e-04
8.060000e+04 2.210029e-04
8.100000e+04 2.168094e-04
8.140000e+04 2.125859e-04
8.180000e+04 2.085917e-04
8.220000e+04 2.046714e-04
8.260000e+04 2.008031e-04
8.300000e+04 1.970401e-04
8.340000e+04 1.932805e-04
8.380000e+04 1.897135e-04
8.420000e+04 1.862524e-04
8.460000e+04 1.828127e-04
8.500000e+04 1.794490e-04
8.540000e+04 1.761652e-04
8.580000e+04 1.729534e-04
8.620000e+04 1.698449e-04
8.660000e+04 1.667911e-04
8.700000e+04 1.638152e-04
8.740000e+04 1.608854e-04
8.780000e+04 1.580108e-04
8.820000e+04 1.551816e-04
8.860000e+04 1.524563e-04
8.900000e+04 1.497524e-04
8.940000e+04 1.471871e-04
8.980000e+04 1.445765e-04
9.020000e+04 1.421078e-04
9.060000e+04 1.396798e-04
9.100000e+04 1.371992e-04
9.140000e+04 1.349025e-04
9.180000e+04 1.326357e-04
9.220000e+04 1.303917e-04
9.260000e+04 1.281970e-04
9.300000e+04 1.260402e-04
9.340000e+04 1.239255e-04
9.380000e+04 1.218634e-04
9.420000e+04 1.198406e-04
9.460000e+04 1.178491e-04
9.500000e+04 1.159110e-04
9.540000e+04 1.140048e-04
9.580000e+04 1.121607e-04
9.620000e+04 1.103185e-04
9.660000e+04 1.085477e-04
9.700000e+04 1.068021e-04
9.740000e+04 1.050120e-04
9.780000e+04 1.033811e-04
9.820000e+04 1.017322e-04
9.860000e+04 1.001346e-04
9.900000e+04 9.855973e-05
9.940000e+04 9.697816e-05
9.980000e+04 9.547057e-05
1.002000e+05 9.396898e-05
2.000000e+05 6.081231e-06
4.000000e+05 3.814891e-07
6.000000e+05 7.492352e-08
8.000000e+05 2.353977e-08
1.000000e+06 9.574583e-09
1.200000e+06 4.587859e-09
1.400000e+06 2.461241e-09
1.600000e+06 1.434728e-09
