# wave flux
# http://cdsarc.u-strasbg.fr/viz-bin/Cat?J/A%2bA/417/515
# iwz1.fit
3.00000e+03 0.00000e+00
3.00075e+03 0.00000e+00
3.00150e+03 0.00000e+00
3.00225e+03 0.00000e+00
3.00300e+03 0.00000e+00
3.00375e+03 0.00000e+00
3.00450e+03 0.00000e+00
3.00525e+03 0.00000e+00
3.00601e+03 0.00000e+00
3.00676e+03 0.00000e+00
3.00751e+03 0.00000e+00
3.00826e+03 0.00000e+00
3.00901e+03 0.00000e+00
3.00977e+03 0.00000e+00
3.01052e+03 0.00000e+00
3.01127e+03 0.00000e+00
3.01202e+03 0.00000e+00
3.01278e+03 0.00000e+00
3.01353e+03 0.00000e+00
3.01428e+03 0.00000e+00
3.01504e+03 0.00000e+00
3.01579e+03 0.00000e+00
3.01655e+03 0.00000e+00
3.01730e+03 0.00000e+00
3.01805e+03 0.00000e+00
3.01881e+03 0.00000e+00
3.01956e+03 0.00000e+00
3.02032e+03 0.00000e+00
3.02107e+03 0.00000e+00
3.02183e+03 0.00000e+00
3.02258e+03 0.00000e+00
3.02334e+03 0.00000e+00
3.02410e+03 0.00000e+00
3.02485e+03 0.00000e+00
3.02561e+03 0.00000e+00
3.02637e+03 0.00000e+00
3.02712e+03 0.00000e+00
3.02788e+03 0.00000e+00
3.02864e+03 0.00000e+00
3.02939e+03 0.00000e+00
3.03015e+03 0.00000e+00
3.03091e+03 0.00000e+00
3.03167e+03 0.00000e+00
3.03242e+03 0.00000e+00
3.03318e+03 0.00000e+00
3.03394e+03 0.00000e+00
3.03470e+03 0.00000e+00
3.03546e+03 0.00000e+00
3.03622e+03 0.00000e+00
3.03698e+03 0.00000e+00
3.03774e+03 0.00000e+00
3.03849e+03 0.00000e+00
3.03925e+03 0.00000e+00
3.04001e+03 0.00000e+00
3.04077e+03 0.00000e+00
3.04153e+03 0.00000e+00
3.04230e+03 0.00000e+00
3.04306e+03 0.00000e+00
3.04382e+03 0.00000e+00
3.04458e+03 0.00000e+00
3.04534e+03 0.00000e+00
3.04610e+03 0.00000e+00
3.04686e+03 0.00000e+00
3.04762e+03 0.00000e+00
3.04839e+03 0.00000e+00
3.04915e+03 0.00000e+00
3.04991e+03 0.00000e+00
3.05067e+03 0.00000e+00
3.05144e+03 0.00000e+00
3.05220e+03 0.00000e+00
3.05296e+03 0.00000e+00
3.05373e+03 0.00000e+00
3.05449e+03 0.00000e+00
3.05525e+03 0.00000e+00
3.05602e+03 0.00000e+00
3.05678e+03 0.00000e+00
3.05754e+03 0.00000e+00
3.05831e+03 0.00000e+00
3.05907e+03 0.00000e+00
3.05984e+03 0.00000e+00
3.06060e+03 0.00000e+00
3.06137e+03 0.00000e+00
3.06213e+03 0.00000e+00
3.06290e+03 0.00000e+00
3.06367e+03 0.00000e+00
3.06443e+03 0.00000e+00
3.06520e+03 0.00000e+00
3.06596e+03 0.00000e+00
3.06673e+03 0.00000e+00
3.06750e+03 0.00000e+00
3.06827e+03 0.00000e+00
3.06903e+03 0.00000e+00
3.06980e+03 0.00000e+00
3.07057e+03 0.00000e+00
3.07133e+03 0.00000e+00
3.07210e+03 0.00000e+00
3.07287e+03 0.00000e+00
3.07364e+03 0.00000e+00
3.07441e+03 0.00000e+00
3.07518e+03 0.00000e+00
3.07595e+03 0.00000e+00
3.07671e+03 0.00000e+00
3.07748e+03 0.00000e+00
3.07825e+03 0.00000e+00
3.07902e+03 0.00000e+00
3.07979e+03 0.00000e+00
3.08056e+03 0.00000e+00
3.08133e+03 0.00000e+00
3.08210e+03 0.00000e+00
3.08287e+03 0.00000e+00
3.08364e+03 0.00000e+00
3.08442e+03 0.00000e+00
3.08519e+03 0.00000e+00
3.08596e+03 0.00000e+00
3.08673e+03 0.00000e+00
3.08750e+03 0.00000e+00
3.08827e+03 0.00000e+00
3.08905e+03 0.00000e+00
3.08982e+03 0.00000e+00
3.09059e+03 0.00000e+00
3.09136e+03 0.00000e+00
3.09214e+03 0.00000e+00
3.09291e+03 0.00000e+00
3.09368e+03 0.00000e+00
3.09446e+03 0.00000e+00
3.09523e+03 0.00000e+00
3.09600e+03 0.00000e+00
3.09678e+03 0.00000e+00
3.09755e+03 0.00000e+00
3.09833e+03 0.00000e+00
3.09910e+03 0.00000e+00
3.09988e+03 0.00000e+00
3.10065e+03 0.00000e+00
3.10143e+03 0.00000e+00
3.10220e+03 0.00000e+00
3.10298e+03 0.00000e+00
3.10375e+03 0.00000e+00
3.10453e+03 0.00000e+00
3.10531e+03 0.00000e+00
3.10608e+03 0.00000e+00
3.10686e+03 0.00000e+00
3.10764e+03 0.00000e+00
3.10841e+03 0.00000e+00
3.10919e+03 0.00000e+00
3.10997e+03 0.00000e+00
3.11075e+03 0.00000e+00
3.11152e+03 0.00000e+00
3.11230e+03 0.00000e+00
3.11308e+03 0.00000e+00
3.11386e+03 0.00000e+00
3.11464e+03 0.00000e+00
3.11541e+03 0.00000e+00
3.11619e+03 0.00000e+00
3.11697e+03 0.00000e+00
3.11775e+03 0.00000e+00
3.11853e+03 0.00000e+00
3.11931e+03 0.00000e+00
3.12009e+03 0.00000e+00
3.12087e+03 0.00000e+00
3.12165e+03 0.00000e+00
3.12243e+03 0.00000e+00
3.12321e+03 0.00000e+00
3.12399e+03 0.00000e+00
3.12478e+03 0.00000e+00
3.12556e+03 0.00000e+00
3.12634e+03 0.00000e+00
3.12712e+03 0.00000e+00
3.12790e+03 0.00000e+00
3.12868e+03 0.00000e+00
3.12947e+03 0.00000e+00
3.13025e+03 0.00000e+00
3.13103e+03 0.00000e+00
3.13181e+03 0.00000e+00
3.13260e+03 0.00000e+00
3.13338e+03 0.00000e+00
3.13416e+03 0.00000e+00
3.13495e+03 0.00000e+00
3.13573e+03 0.00000e+00
3.13651e+03 0.00000e+00
3.13730e+03 0.00000e+00
3.13808e+03 0.00000e+00
3.13887e+03 0.00000e+00
3.13965e+03 0.00000e+00
3.14044e+03 0.00000e+00
3.14122e+03 0.00000e+00
3.14201e+03 0.00000e+00
3.14279e+03 0.00000e+00
3.14358e+03 0.00000e+00
3.14437e+03 0.00000e+00
3.14515e+03 0.00000e+00
3.14594e+03 0.00000e+00
3.14673e+03 0.00000e+00
3.14751e+03 0.00000e+00
3.14830e+03 0.00000e+00
3.14909e+03 0.00000e+00
3.14987e+03 0.00000e+00
3.15066e+03 0.00000e+00
3.15145e+03 0.00000e+00
3.15224e+03 0.00000e+00
3.15302e+03 0.00000e+00
3.15381e+03 0.00000e+00
3.15460e+03 0.00000e+00
3.15539e+03 0.00000e+00
3.15618e+03 0.00000e+00
3.15697e+03 0.00000e+00
3.15776e+03 0.00000e+00
3.15855e+03 0.00000e+00
3.15934e+03 0.00000e+00
3.16013e+03 0.00000e+00
3.16092e+03 0.00000e+00
3.16171e+03 0.00000e+00
3.16250e+03 0.00000e+00
3.16329e+03 0.00000e+00
3.16408e+03 0.00000e+00
3.16487e+03 0.00000e+00
3.16566e+03 0.00000e+00
3.16645e+03 0.00000e+00
3.16725e+03 0.00000e+00
3.16804e+03 0.00000e+00
3.16883e+03 0.00000e+00
3.16962e+03 0.00000e+00
3.17041e+03 0.00000e+00
3.17121e+03 0.00000e+00
3.17200e+03 0.00000e+00
3.17279e+03 0.00000e+00
3.17359e+03 0.00000e+00
3.17438e+03 0.00000e+00
3.17517e+03 0.00000e+00
3.17597e+03 0.00000e+00
3.17676e+03 0.00000e+00
3.17756e+03 0.00000e+00
3.17835e+03 0.00000e+00
3.17914e+03 0.00000e+00
3.17994e+03 0.00000e+00
3.18073e+03 0.00000e+00
3.18153e+03 0.00000e+00
3.18233e+03 0.00000e+00
3.18312e+03 0.00000e+00
3.18392e+03 0.00000e+00
3.18471e+03 0.00000e+00
3.18551e+03 0.00000e+00
3.18631e+03 0.00000e+00
3.18710e+03 0.00000e+00
3.18790e+03 0.00000e+00
3.18870e+03 0.00000e+00
3.18949e+03 0.00000e+00
3.19029e+03 0.00000e+00
3.19109e+03 0.00000e+00
3.19189e+03 0.00000e+00
3.19269e+03 0.00000e+00
3.19348e+03 0.00000e+00
3.19428e+03 0.00000e+00
3.19508e+03 0.00000e+00
3.19588e+03 0.00000e+00
3.19668e+03 0.00000e+00
3.19748e+03 0.00000e+00
3.19828e+03 0.00000e+00
3.19908e+03 0.00000e+00
3.19988e+03 0.00000e+00
3.20068e+03 0.00000e+00
3.20148e+03 0.00000e+00
3.20228e+03 0.00000e+00
3.20308e+03 0.00000e+00
3.20388e+03 0.00000e+00
3.20468e+03 0.00000e+00
3.20548e+03 0.00000e+00
3.20628e+03 0.00000e+00
3.20708e+03 0.00000e+00
3.20789e+03 0.00000e+00
3.20869e+03 0.00000e+00
3.20949e+03 0.00000e+00
3.21029e+03 0.00000e+00
3.21110e+03 0.00000e+00
3.21190e+03 0.00000e+00
3.21270e+03 0.00000e+00
3.21351e+03 0.00000e+00
3.21431e+03 0.00000e+00
3.21511e+03 0.00000e+00
3.21592e+03 0.00000e+00
3.21672e+03 0.00000e+00
3.21752e+03 0.00000e+00
3.21833e+03 0.00000e+00
3.21913e+03 0.00000e+00
3.21994e+03 0.00000e+00
3.22074e+03 0.00000e+00
3.22155e+03 0.00000e+00
3.22235e+03 0.00000e+00
3.22316e+03 0.00000e+00
3.22397e+03 0.00000e+00
3.22477e+03 0.00000e+00
3.22558e+03 0.00000e+00
3.22638e+03 0.00000e+00
3.22719e+03 0.00000e+00
3.22800e+03 0.00000e+00
3.22881e+03 0.00000e+00
3.22961e+03 0.00000e+00
3.23042e+03 0.00000e+00
3.23123e+03 0.00000e+00
3.23204e+03 0.00000e+00
3.23284e+03 0.00000e+00
3.23365e+03 0.00000e+00
3.23446e+03 0.00000e+00
3.23527e+03 0.00000e+00
3.23608e+03 0.00000e+00
3.23689e+03 0.00000e+00
3.23770e+03 0.00000e+00
3.23851e+03 0.00000e+00
3.23932e+03 0.00000e+00
3.24013e+03 0.00000e+00
3.24094e+03 0.00000e+00
3.24175e+03 0.00000e+00
3.24256e+03 0.00000e+00
3.24337e+03 0.00000e+00
3.24418e+03 0.00000e+00
3.24499e+03 0.00000e+00
3.24580e+03 0.00000e+00
3.24661e+03 0.00000e+00
3.24742e+03 0.00000e+00
3.24824e+03 0.00000e+00
3.24905e+03 0.00000e+00
3.24986e+03 0.00000e+00
3.25067e+03 0.00000e+00
3.25149e+03 0.00000e+00
3.25230e+03 0.00000e+00
3.25311e+03 0.00000e+00
3.25393e+03 0.00000e+00
3.25474e+03 0.00000e+00
3.25555e+03 0.00000e+00
3.25637e+03 0.00000e+00
3.25718e+03 0.00000e+00
3.25800e+03 0.00000e+00
3.25881e+03 0.00000e+00
3.25963e+03 0.00000e+00
3.26044e+03 0.00000e+00
3.26126e+03 0.00000e+00
3.26207e+03 0.00000e+00
3.26289e+03 0.00000e+00
3.26370e+03 0.00000e+00
3.26452e+03 0.00000e+00
3.26533e+03 0.00000e+00
3.26615e+03 0.00000e+00
3.26697e+03 0.00000e+00
3.26778e+03 0.00000e+00
3.26860e+03 0.00000e+00
3.26942e+03 0.00000e+00
3.27024e+03 0.00000e+00
3.27105e+03 0.00000e+00
3.27187e+03 0.00000e+00
3.27269e+03 0.00000e+00
3.27351e+03 0.00000e+00
3.27433e+03 0.00000e+00
3.27515e+03 0.00000e+00
3.27596e+03 0.00000e+00
3.27678e+03 0.00000e+00
3.27760e+03 0.00000e+00
3.27842e+03 0.00000e+00
3.27924e+03 0.00000e+00
3.28006e+03 0.00000e+00
3.28088e+03 0.00000e+00
3.28170e+03 0.00000e+00
3.28252e+03 0.00000e+00
3.28334e+03 0.00000e+00
3.28416e+03 0.00000e+00
3.28499e+03 0.00000e+00
3.28581e+03 0.00000e+00
3.28663e+03 0.00000e+00
3.28745e+03 0.00000e+00
3.28827e+03 0.00000e+00
3.28909e+03 0.00000e+00
3.28992e+03 0.00000e+00
3.29074e+03 0.00000e+00
3.29156e+03 0.00000e+00
3.29239e+03 0.00000e+00
3.29321e+03 0.00000e+00
3.29403e+03 0.00000e+00
3.29486e+03 0.00000e+00
3.29568e+03 0.00000e+00
3.29650e+03 0.00000e+00
3.29733e+03 0.00000e+00
3.29815e+03 0.00000e+00
3.29898e+03 0.00000e+00
3.29980e+03 0.00000e+00
3.30063e+03 0.00000e+00
3.30145e+03 0.00000e+00
3.30228e+03 0.00000e+00
3.30310e+03 0.00000e+00
3.30393e+03 0.00000e+00
3.30475e+03 0.00000e+00
3.30558e+03 0.00000e+00
3.30641e+03 0.00000e+00
3.30723e+03 0.00000e+00
3.30806e+03 0.00000e+00
3.30889e+03 0.00000e+00
3.30972e+03 0.00000e+00
3.31054e+03 0.00000e+00
3.31137e+03 0.00000e+00
3.31220e+03 0.00000e+00
3.31303e+03 0.00000e+00
3.31386e+03 0.00000e+00
3.31468e+03 0.00000e+00
3.31551e+03 0.00000e+00
3.31634e+03 0.00000e+00
3.31717e+03 0.00000e+00
3.31800e+03 0.00000e+00
3.31883e+03 0.00000e+00
3.31966e+03 0.00000e+00
3.32049e+03 0.00000e+00
3.32132e+03 0.00000e+00
3.32215e+03 0.00000e+00
3.32298e+03 0.00000e+00
3.32381e+03 0.00000e+00
3.32464e+03 0.00000e+00
3.32547e+03 0.00000e+00
3.32631e+03 0.00000e+00
3.32714e+03 0.00000e+00
3.32797e+03 0.00000e+00
3.32880e+03 0.00000e+00
3.32963e+03 0.00000e+00
3.33047e+03 0.00000e+00
3.33130e+03 0.00000e+00
3.33213e+03 0.00000e+00
3.33296e+03 0.00000e+00
3.33380e+03 0.00000e+00
3.33463e+03 0.00000e+00
3.33547e+03 0.00000e+00
3.33630e+03 0.00000e+00
3.33713e+03 0.00000e+00
3.33797e+03 0.00000e+00
3.33880e+03 0.00000e+00
3.33964e+03 0.00000e+00
3.34047e+03 0.00000e+00
3.34131e+03 0.00000e+00
3.34214e+03 0.00000e+00
3.34298e+03 0.00000e+00
3.34381e+03 0.00000e+00
3.34465e+03 0.00000e+00
3.34549e+03 0.00000e+00
3.34632e+03 0.00000e+00
3.34716e+03 0.00000e+00
3.34800e+03 0.00000e+00
3.34883e+03 0.00000e+00
3.34967e+03 0.00000e+00
3.35051e+03 0.00000e+00
3.35135e+03 0.00000e+00
3.35218e+03 0.00000e+00
3.35302e+03 0.00000e+00
3.35386e+03 0.00000e+00
3.35470e+03 0.00000e+00
3.35554e+03 0.00000e+00
3.35638e+03 0.00000e+00
3.35722e+03 0.00000e+00
3.35806e+03 0.00000e+00
3.35890e+03 0.00000e+00
3.35974e+03 0.00000e+00
3.36058e+03 0.00000e+00
3.36142e+03 0.00000e+00
3.36226e+03 0.00000e+00
3.36310e+03 0.00000e+00
3.36394e+03 0.00000e+00
3.36478e+03 0.00000e+00
3.36562e+03 0.00000e+00
3.36646e+03 0.00000e+00
3.36730e+03 0.00000e+00
3.36815e+03 0.00000e+00
3.36899e+03 0.00000e+00
3.36983e+03 0.00000e+00
3.37067e+03 0.00000e+00
3.37152e+03 0.00000e+00
3.37236e+03 0.00000e+00
3.37320e+03 0.00000e+00
3.37404e+03 0.00000e+00
3.37489e+03 0.00000e+00
3.37573e+03 0.00000e+00
3.37658e+03 0.00000e+00
3.37742e+03 0.00000e+00
3.37827e+03 0.00000e+00
3.37911e+03 0.00000e+00
3.37995e+03 0.00000e+00
3.38080e+03 0.00000e+00
3.38165e+03 0.00000e+00
3.38249e+03 0.00000e+00
3.38334e+03 0.00000e+00
3.38418e+03 0.00000e+00
3.38503e+03 0.00000e+00
3.38587e+03 0.00000e+00
3.38672e+03 0.00000e+00
3.38757e+03 0.00000e+00
3.38842e+03 0.00000e+00
3.38926e+03 0.00000e+00
3.39011e+03 0.00000e+00
3.39096e+03 0.00000e+00
3.39181e+03 0.00000e+00
3.39265e+03 0.00000e+00
3.39350e+03 0.00000e+00
3.39435e+03 0.00000e+00
3.39520e+03 0.00000e+00
3.39605e+03 0.00000e+00
3.39690e+03 0.00000e+00
3.39775e+03 0.00000e+00
3.39860e+03 0.00000e+00
3.39945e+03 0.00000e+00
3.40030e+03 0.00000e+00
3.40115e+03 0.00000e+00
3.40200e+03 0.00000e+00
3.40285e+03 0.00000e+00
3.40370e+03 0.00000e+00
3.40455e+03 0.00000e+00
3.40540e+03 0.00000e+00
3.40625e+03 0.00000e+00
3.40710e+03 0.00000e+00
3.40795e+03 0.00000e+00
3.40881e+03 0.00000e+00
3.40966e+03 0.00000e+00
3.41051e+03 0.00000e+00
3.41136e+03 0.00000e+00
3.41222e+03 0.00000e+00
3.41307e+03 0.00000e+00
3.41392e+03 0.00000e+00
3.41478e+03 0.00000e+00
3.41563e+03 0.00000e+00
3.41649e+03 0.00000e+00
3.41734e+03 0.00000e+00
3.41819e+03 0.00000e+00
3.41905e+03 0.00000e+00
3.41990e+03 0.00000e+00
3.42076e+03 0.00000e+00
3.42161e+03 0.00000e+00
3.42247e+03 0.00000e+00
3.42332e+03 0.00000e+00
3.42418e+03 0.00000e+00
3.42504e+03 0.00000e+00
3.42589e+03 0.00000e+00
3.42675e+03 0.00000e+00
3.42761e+03 0.00000e+00
3.42846e+03 0.00000e+00
3.42932e+03 0.00000e+00
3.43018e+03 0.00000e+00
3.43104e+03 0.00000e+00
3.43189e+03 0.00000e+00
3.43275e+03 0.00000e+00
3.43361e+03 0.00000e+00
3.43447e+03 0.00000e+00
3.43533e+03 0.00000e+00
3.43619e+03 0.00000e+00
3.43705e+03 0.00000e+00
3.43791e+03 0.00000e+00
3.43876e+03 0.00000e+00
3.43962e+03 0.00000e+00
3.44048e+03 0.00000e+00
3.44134e+03 0.00000e+00
3.44221e+03 0.00000e+00
3.44307e+03 0.00000e+00
3.44393e+03 0.00000e+00
3.44479e+03 0.00000e+00
3.44565e+03 0.00000e+00
3.44651e+03 0.00000e+00
3.44737e+03 0.00000e+00
3.44823e+03 0.00000e+00
3.44910e+03 0.00000e+00
3.44996e+03 0.00000e+00
3.45082e+03 0.00000e+00
3.45168e+03 0.00000e+00
3.45255e+03 0.00000e+00
3.45341e+03 0.00000e+00
3.45427e+03 0.00000e+00
3.45514e+03 0.00000e+00
3.45600e+03 0.00000e+00
3.45687e+03 0.00000e+00
3.45773e+03 0.00000e+00
3.45859e+03 0.00000e+00
3.45946e+03 0.00000e+00
3.46032e+03 0.00000e+00
3.46119e+03 0.00000e+00
3.46205e+03 0.00000e+00
3.46292e+03 0.00000e+00
3.46379e+03 0.00000e+00
3.46465e+03 0.00000e+00
3.46552e+03 0.00000e+00
3.46639e+03 0.00000e+00
3.46725e+03 0.00000e+00
3.46812e+03 0.00000e+00
3.46899e+03 0.00000e+00
3.46985e+03 0.00000e+00
3.47072e+03 0.00000e+00
3.47159e+03 0.00000e+00
3.47246e+03 0.00000e+00
3.47332e+03 0.00000e+00
3.47419e+03 0.00000e+00
3.47506e+03 0.00000e+00
3.47593e+03 0.00000e+00
3.47680e+03 0.00000e+00
3.47767e+03 0.00000e+00
3.47854e+03 0.00000e+00
3.47941e+03 0.00000e+00
3.48028e+03 0.00000e+00
3.48115e+03 0.00000e+00
3.48202e+03 0.00000e+00
3.48289e+03 0.00000e+00
3.48376e+03 0.00000e+00
3.48463e+03 0.00000e+00
3.48550e+03 0.00000e+00
3.48637e+03 0.00000e+00
3.48725e+03 0.00000e+00
3.48812e+03 0.00000e+00
3.48899e+03 0.00000e+00
3.48986e+03 0.00000e+00
3.49073e+03 0.00000e+00
3.49161e+03 0.00000e+00
3.49248e+03 0.00000e+00
3.49335e+03 0.00000e+00
3.49423e+03 0.00000e+00
3.49510e+03 0.00000e+00
3.49597e+03 0.00000e+00
3.49685e+03 0.00000e+00
3.49772e+03 0.00000e+00
3.49860e+03 0.00000e+00
3.49947e+03 0.00000e+00
3.50035e+03 0.00000e+00
3.50122e+03 0.00000e+00
3.50210e+03 0.00000e+00
3.50297e+03 0.00000e+00
3.50385e+03 0.00000e+00
3.50473e+03 0.00000e+00
3.50560e+03 0.00000e+00
3.50648e+03 0.00000e+00
3.50736e+03 0.00000e+00
3.50823e+03 0.00000e+00
3.50911e+03 0.00000e+00
3.50999e+03 0.00000e+00
3.51086e+03 0.00000e+00
3.51174e+03 0.00000e+00
3.51262e+03 0.00000e+00
3.51350e+03 0.00000e+00
3.51438e+03 0.00000e+00
3.51526e+03 0.00000e+00
3.51613e+03 0.00000e+00
3.51701e+03 0.00000e+00
3.51789e+03 0.00000e+00
3.51877e+03 0.00000e+00
3.51965e+03 0.00000e+00
3.52053e+03 0.00000e+00
3.52141e+03 0.00000e+00
3.52229e+03 0.00000e+00
3.52317e+03 0.00000e+00
3.52405e+03 0.00000e+00
3.52494e+03 0.00000e+00
3.52582e+03 0.00000e+00
3.52670e+03 0.00000e+00
3.52758e+03 0.00000e+00
3.52846e+03 0.00000e+00
3.52934e+03 0.00000e+00
3.53023e+03 0.00000e+00
3.53111e+03 0.00000e+00
3.53199e+03 0.00000e+00
3.53288e+03 0.00000e+00
3.53376e+03 0.00000e+00
3.53464e+03 0.00000e+00
3.53553e+03 1.66214e+00
3.53641e+03 1.73696e+00
3.53729e+03 1.81949e+00
3.53818e+03 1.90973e+00
3.53906e+03 2.00704e+00
3.53995e+03 2.10438e+00
3.54083e+03 2.21842e+00
3.54172e+03 2.34790e+00
3.54260e+03 2.48678e+00
3.54349e+03 2.63831e+00
3.54438e+03 2.80532e+00
3.54526e+03 2.99044e+00
3.54615e+03 3.19880e+00
3.54704e+03 3.43076e+00
3.54792e+03 3.69682e+00
3.54881e+03 3.99534e+00
3.54970e+03 4.33886e+00
3.55058e+03 4.72895e+00
3.55147e+03 5.17512e+00
3.55236e+03 5.68706e+00
3.55325e+03 6.27646e+00
3.55414e+03 6.96197e+00
3.55503e+03 7.75723e+00
3.55591e+03 8.69943e+00
3.55680e+03 9.80259e+00
3.55769e+03 1.10756e+01
3.55858e+03 1.25319e+01
3.55947e+03 1.41567e+01
3.56036e+03 1.59162e+01
3.56125e+03 1.77323e+01
3.56214e+03 1.94571e+01
3.56303e+03 2.09138e+01
3.56392e+03 2.18136e+01
3.56482e+03 2.20123e+01
3.56571e+03 2.15311e+01
3.56660e+03 2.04943e+01
3.56749e+03 1.90922e+01
3.56838e+03 1.75299e+01
3.56927e+03 1.59747e+01
3.57017e+03 1.45333e+01
3.57106e+03 1.32806e+01
3.57195e+03 1.22359e+01
3.57285e+03 1.14192e+01
3.57374e+03 1.07851e+01
3.57463e+03 1.03318e+01
3.57553e+03 1.00385e+01
3.57642e+03 9.90320e+00
3.57731e+03 9.92398e+00
3.57821e+03 1.00888e+01
3.57910e+03 1.04047e+01
3.58000e+03 1.08790e+01
3.58089e+03 1.15589e+01
3.58179e+03 1.24207e+01
3.58268e+03 1.34852e+01
3.58358e+03 1.47557e+01
3.58448e+03 1.62182e+01
3.58537e+03 1.78260e+01
3.58627e+03 1.94863e+01
3.58717e+03 2.10563e+01
3.58806e+03 2.23535e+01
3.58896e+03 2.31250e+01
3.58986e+03 2.31857e+01
3.59075e+03 2.25866e+01
3.59165e+03 2.14706e+01
3.59255e+03 2.00283e+01
3.59345e+03 1.84564e+01
3.59435e+03 1.69147e+01
3.59525e+03 1.55087e+01
3.59614e+03 1.42968e+01
3.59704e+03 1.32921e+01
3.59794e+03 1.25096e+01
3.59884e+03 1.19376e+01
3.59974e+03 1.15430e+01
3.60064e+03 1.13244e+01
3.60154e+03 1.12654e+01
3.60244e+03 1.13675e+01
3.60334e+03 1.16379e+01
3.60424e+03 1.20792e+01
3.60515e+03 1.27000e+01
3.60605e+03 1.35146e+01
3.60695e+03 1.45515e+01
3.60785e+03 1.58439e+01
3.60875e+03 1.73853e+01
3.60966e+03 1.91569e+01
3.61056e+03 2.11319e+01
3.61146e+03 2.32132e+01
3.61236e+03 2.52481e+01
3.61327e+03 2.70395e+01
3.61417e+03 2.83579e+01
3.61507e+03 2.90263e+01
3.61598e+03 2.89811e+01
3.61688e+03 2.83186e+01
3.61779e+03 2.73573e+01
3.61869e+03 2.63464e+01
3.61960e+03 2.54819e+01
3.62050e+03 2.49048e+01
3.62141e+03 2.46881e+01
3.62231e+03 2.48369e+01
3.62322e+03 2.52984e+01
3.62412e+03 2.59634e+01
3.62503e+03 2.66445e+01
3.62594e+03 2.70977e+01
3.62684e+03 2.70626e+01
3.62775e+03 2.64360e+01
3.62866e+03 2.52462e+01
3.62956e+03 2.36263e+01
3.63047e+03 2.17676e+01
3.63138e+03 1.98568e+01
3.63229e+03 1.80375e+01
3.63319e+03 1.64027e+01
3.63410e+03 1.49962e+01
3.63501e+03 1.38182e+01
3.63592e+03 1.28912e+01
3.63683e+03 1.21879e+01
3.63774e+03 1.16758e+01
3.63865e+03 1.13520e+01
3.63956e+03 1.12165e+01
3.64047e+03 1.12602e+01
3.64138e+03 1.14800e+01
3.64229e+03 1.18833e+01
3.64320e+03 1.24696e+01
3.64411e+03 1.32182e+01
3.64502e+03 1.41133e+01
3.64593e+03 1.50976e+01
3.64684e+03 1.60483e+01
3.64776e+03 1.68075e+01
3.64867e+03 1.72206e+01
3.64958e+03 1.71848e+01
3.65049e+03 1.66706e+01
3.65141e+03 1.57466e+01
3.65232e+03 1.45444e+01
3.65323e+03 1.32041e+01
3.65415e+03 1.18548e+01
3.65506e+03 1.05760e+01
3.65597e+03 9.43366e+00
3.65689e+03 8.43297e+00
3.65780e+03 7.56459e+00
3.65872e+03 6.81430e+00
3.65963e+03 6.16731e+00
3.66055e+03 5.60884e+00
3.66146e+03 5.12865e+00
3.66238e+03 4.71558e+00
3.66329e+03 4.35476e+00
3.66421e+03 4.03752e+00
3.66512e+03 3.76640e+00
3.66604e+03 3.52061e+00
3.66696e+03 3.30978e+00
3.66787e+03 3.12514e+00
3.66879e+03 2.95755e+00
3.66971e+03 2.80661e+00
3.67063e+03 2.67232e+00
3.67154e+03 2.55472e+00
3.67246e+03 2.44918e+00
3.67338e+03 2.35197e+00
3.67430e+03 2.26312e+00
3.67522e+03 2.18261e+00
3.67614e+03 2.11046e+00
3.67706e+03 2.04612e+00
3.67797e+03 1.98176e+00
3.67889e+03 1.93528e+00
3.67981e+03 1.88114e+00
3.68073e+03 1.84063e+00
3.68165e+03 1.80381e+00
3.68258e+03 1.76699e+00
3.68350e+03 1.73512e+00
3.68442e+03 1.70749e+00
3.68534e+03 1.68324e+00
3.68626e+03 1.66481e+00
3.68718e+03 1.64637e+00
3.68810e+03 1.62897e+00
3.68903e+03 1.61949e+00
3.68995e+03 1.60105e+00
3.69087e+03 1.60000e+00
3.69179e+03 1.59207e+00
3.69272e+03 1.59000e+00
3.69364e+03 1.59640e+00
3.69456e+03 1.60000e+00
3.69549e+03 1.60487e+00
3.69641e+03 1.61411e+00
3.69733e+03 1.62670e+00
3.69826e+03 1.64519e+00
3.69918e+03 1.66368e+00
3.70011e+03 1.68327e+00
3.70103e+03 1.71103e+00
3.70196e+03 1.73879e+00
3.70289e+03 1.77541e+00
3.70381e+03 1.82055e+00
3.70474e+03 1.86685e+00
3.70566e+03 1.91317e+00
3.70659e+03 1.97129e+00
3.70752e+03 2.03617e+00
3.70844e+03 2.10549e+00
3.70937e+03 2.18338e+00
3.71030e+03 2.27282e+00
3.71123e+03 2.37486e+00
3.71215e+03 2.48155e+00
3.71308e+03 2.61232e+00
3.71401e+03 2.75189e+00
3.71494e+03 2.91904e+00
3.71587e+03 3.10359e+00
3.71680e+03 3.31332e+00
3.71773e+03 3.55612e+00
3.71866e+03 3.83333e+00
3.71959e+03 4.15085e+00
3.72052e+03 4.52175e+00
3.72145e+03 4.95297e+00
3.72238e+03 5.45586e+00
3.72331e+03 6.04500e+00
3.72424e+03 6.72761e+00
3.72517e+03 7.52418e+00
3.72610e+03 8.44174e+00
3.72703e+03 9.48071e+00
3.72796e+03 1.06549e+01
3.72890e+03 1.19010e+01
3.72983e+03 1.31421e+01
3.73076e+03 1.42606e+01
3.73169e+03 1.51021e+01
3.73263e+03 1.55444e+01
3.73356e+03 1.55143e+01
3.73449e+03 1.50395e+01
3.73543e+03 1.42253e+01
3.73636e+03 1.32106e+01
3.73730e+03 1.21388e+01
3.73823e+03 1.11175e+01
3.73916e+03 1.01982e+01
3.74010e+03 9.41116e+00
3.74103e+03 8.77149e+00
3.74197e+03 8.27575e+00
3.74291e+03 7.91576e+00
3.74384e+03 7.66956e+00
3.74478e+03 7.53666e+00
3.74571e+03 7.50286e+00
3.74665e+03 7.57157e+00
3.74759e+03 7.74512e+00
3.74852e+03 8.01832e+00
3.74946e+03 8.39701e+00
3.75040e+03 8.89751e+00
3.75134e+03 9.53280e+00
3.75227e+03 1.03194e+01
3.75321e+03 1.12835e+01
3.75415e+03 1.24396e+01
3.75509e+03 1.38277e+01
3.75603e+03 1.54804e+01
3.75697e+03 1.74337e+01
3.75791e+03 1.97052e+01
3.75885e+03 2.22680e+01
3.75979e+03 2.50429e+01
3.76073e+03 2.78755e+01
3.76167e+03 3.04950e+01
3.76261e+03 3.25570e+01
3.76355e+03 3.37215e+01
3.76449e+03 3.37662e+01
3.76543e+03 3.26802e+01
3.76637e+03 3.06559e+01
3.76731e+03 2.80128e+01
3.76826e+03 2.51065e+01
3.76920e+03 2.22234e+01
3.77014e+03 1.95245e+01
3.77108e+03 1.71027e+01
3.77203e+03 1.49899e+01
3.77297e+03 1.31791e+01
3.77391e+03 1.16325e+01
3.77486e+03 1.03170e+01
3.77580e+03 9.18396e+00
3.77674e+03 8.22078e+00
3.77769e+03 7.39174e+00
3.77863e+03 6.67428e+00
3.77958e+03 6.05759e+00
3.78052e+03 5.52295e+00
3.78147e+03 5.05005e+00
3.78241e+03 4.63461e+00
3.78336e+03 4.27428e+00
3.78431e+03 3.95541e+00
3.78525e+03 3.66963e+00
3.78620e+03 3.41254e+00
3.78714e+03 3.18822e+00
3.78809e+03 2.98173e+00
3.78904e+03 2.79346e+00
3.78999e+03 2.63240e+00
3.79093e+03 2.48064e+00
3.79188e+03 2.33780e+00
3.79283e+03 2.21218e+00
3.79378e+03 2.09667e+00
3.79473e+03 1.99011e+00
3.79568e+03 1.89249e+00
3.79662e+03 1.80383e+00
3.79757e+03 1.72413e+00
3.79852e+03 1.64817e+00
3.79947e+03 1.57691e+00
3.80042e+03 1.51041e+00
3.80137e+03 1.44763e+00
3.80232e+03 1.39060e+00
3.80327e+03 1.33630e+00
3.80422e+03 1.28875e+00
3.80518e+03 1.24119e+00
3.80613e+03 1.19490e+00
3.80708e+03 1.15683e+00
3.80803e+03 1.11876e+00
3.80898e+03 1.08067e+00
3.80994e+03 1.04258e+00
3.81089e+03 1.01335e+00
3.81184e+03 9.84768e-01
3.81279e+03 9.56176e-01
3.81375e+03 9.27576e-01
3.81470e+03 8.98970e-01
3.81565e+03 8.76904e-01
3.81661e+03 8.51735e-01
3.81756e+03 8.28738e-01
3.81852e+03 8.09648e-01
3.81947e+03 7.90553e-01
3.82043e+03 7.71453e-01
3.82138e+03 7.52348e-01
3.82234e+03 7.33239e-01
3.82329e+03 7.14125e-01
3.82425e+03 6.97503e-01
3.82521e+03 6.85883e-01
3.82616e+03 6.68377e-01
3.82712e+03 6.57621e-01
3.82808e+03 6.39241e-01
3.82903e+03 6.29670e-01
3.82999e+03 6.20096e-01
3.83095e+03 6.01040e-01
3.83191e+03 5.90942e-01
3.83286e+03 5.81361e-01
3.83382e+03 5.71777e-01
3.83478e+03 5.62191e-01
3.83574e+03 5.52603e-01
3.83670e+03 5.43013e-01
3.83766e+03 5.33420e-01
3.83862e+03 5.23824e-01
3.83958e+03 5.14227e-01
3.84054e+03 5.04627e-01
3.84150e+03 4.95024e-01
3.84246e+03 4.90000e-01
3.84342e+03 4.85812e-01
3.84438e+03 4.76202e-01
3.84534e+03 4.70000e-01
3.84630e+03 4.66975e-01
3.84726e+03 4.57358e-01
3.84823e+03 4.50000e-01
3.84919e+03 4.48117e-01
3.85015e+03 4.38493e-01
3.85111e+03 4.30000e-01
3.85208e+03 4.29238e-01
3.85304e+03 4.20000e-01
3.85400e+03 4.19972e-01
3.85497e+03 4.10336e-01
3.85593e+03 4.10000e-01
3.85689e+03 4.01056e-01
3.85786e+03 4.00000e-01
3.85882e+03 3.91767e-01
3.85979e+03 3.90000e-01
3.86075e+03 3.82468e-01
3.86172e+03 3.80000e-01
3.86268e+03 3.80000e-01
3.86365e+03 3.73502e-01
3.86462e+03 3.70000e-01
3.86558e+03 3.64179e-01
3.86655e+03 3.60000e-01
3.86752e+03 3.60000e-01
3.86848e+03 3.55176e-01
3.86945e+03 3.50000e-01
3.87042e+03 3.50000e-01
3.87138e+03 3.46151e-01
3.87235e+03 3.40000e-01
3.87332e+03 3.40000e-01
3.87429e+03 3.40000e-01
3.87526e+03 3.37418e-01
3.87623e+03 3.30000e-01
3.87720e+03 3.30000e-01
3.87817e+03 3.28343e-01
3.87914e+03 3.20000e-01
3.88011e+03 3.20000e-01
3.88108e+03 3.20000e-01
3.88205e+03 3.20000e-01
3.88302e+03 3.19835e-01
3.88399e+03 3.10127e-01
3.88496e+03 3.10000e-01
3.88593e+03 3.10000e-01
3.88690e+03 3.10000e-01
3.88787e+03 3.10000e-01
3.88885e+03 3.01546e-01
3.88982e+03 3.00000e-01
3.89079e+03 3.00000e-01
3.89176e+03 3.00000e-01
3.89274e+03 3.00000e-01
3.89371e+03 2.92906e-01
3.89468e+03 2.90000e-01
3.89566e+03 2.90000e-01
3.89663e+03 2.90000e-01
3.89761e+03 2.90000e-01
3.89858e+03 2.90000e-01
3.89955e+03 2.90000e-01
3.90053e+03 2.84706e-01
3.90150e+03 2.80000e-01
3.90248e+03 2.80000e-01
3.90346e+03 2.80000e-01
3.90443e+03 2.80000e-01
3.90541e+03 2.80000e-01
3.90638e+03 2.80000e-01
3.90736e+03 2.80000e-01
3.90834e+03 2.80000e-01
3.90932e+03 2.76845e-01
3.91029e+03 2.70000e-01
3.91127e+03 2.70000e-01
3.91225e+03 2.70000e-01
3.91323e+03 2.70000e-01
3.91421e+03 2.70000e-01
3.91518e+03 2.70000e-01
3.91616e+03 2.70000e-01
3.91714e+03 2.70000e-01
3.91812e+03 2.70000e-01
3.91910e+03 2.70000e-01
3.92008e+03 2.70000e-01
3.92106e+03 2.70000e-01
3.92204e+03 2.69586e-01
3.92302e+03 2.60000e-01
3.92400e+03 2.60000e-01
3.92498e+03 2.60000e-01
3.92597e+03 2.60000e-01
3.92695e+03 2.60000e-01
3.92793e+03 2.60000e-01
3.92891e+03 2.60000e-01
3.92989e+03 2.60000e-01
3.93088e+03 2.60000e-01
3.93186e+03 2.60000e-01
3.93284e+03 2.60000e-01
3.93383e+03 2.60000e-01
3.93481e+03 2.60000e-01
3.93579e+03 2.60000e-01
3.93678e+03 2.60000e-01
3.93776e+03 2.60000e-01
3.93875e+03 2.60000e-01
3.93973e+03 2.60000e-01
3.94072e+03 2.60000e-01
3.94170e+03 2.60000e-01
3.94269e+03 2.60000e-01
3.94367e+03 2.60000e-01
3.94466e+03 2.60000e-01
3.94564e+03 2.60000e-01
3.94663e+03 2.60000e-01
3.94762e+03 2.60000e-01
3.94860e+03 2.60000e-01
3.94959e+03 2.60000e-01
3.95058e+03 2.60000e-01
3.95157e+03 2.60000e-01
3.95256e+03 2.60000e-01
3.95354e+03 2.60000e-01
3.95453e+03 2.60000e-01
3.95552e+03 2.60000e-01
3.95651e+03 2.60000e-01
3.95750e+03 2.60000e-01
3.95849e+03 2.60000e-01
3.95948e+03 2.60000e-01
3.96047e+03 2.60000e-01
3.96146e+03 2.60000e-01
3.96245e+03 2.60000e-01
3.96344e+03 2.60000e-01
3.96443e+03 2.60000e-01
3.96542e+03 2.60000e-01
3.96641e+03 2.60000e-01
3.96741e+03 2.60000e-01
3.96840e+03 2.60000e-01
3.96939e+03 2.60000e-01
3.97038e+03 2.63819e-01
3.97137e+03 2.70000e-01
3.97237e+03 2.70000e-01
3.97336e+03 2.70000e-01
3.97435e+03 2.70000e-01
3.97535e+03 2.70000e-01
3.97634e+03 2.70000e-01
3.97734e+03 2.70000e-01
3.97833e+03 2.70000e-01
3.97933e+03 2.70000e-01
3.98032e+03 2.70000e-01
3.98132e+03 2.70000e-01
3.98231e+03 2.70000e-01
3.98331e+03 2.73066e-01
3.98430e+03 2.80000e-01
3.98530e+03 2.80000e-01
3.98630e+03 2.80000e-01
3.98729e+03 2.80000e-01
3.98829e+03 2.80000e-01
3.98929e+03 2.80000e-01
3.99028e+03 2.80000e-01
3.99128e+03 2.80000e-01
3.99228e+03 2.82792e-01
3.99328e+03 2.90000e-01
3.99428e+03 2.90000e-01
3.99527e+03 2.90000e-01
3.99627e+03 2.90000e-01
3.99727e+03 2.90000e-01
3.99827e+03 2.90000e-01
3.99927e+03 2.92718e-01
4.00027e+03 3.00000e-01
4.00127e+03 3.00000e-01
4.00227e+03 3.00000e-01
4.00327e+03 3.00000e-01
4.00427e+03 3.02740e-01
4.00528e+03 3.10000e-01
4.00628e+03 3.10000e-01
4.00728e+03 3.10000e-01
4.00828e+03 3.10000e-01
4.00928e+03 3.12825e-01
4.01028e+03 3.20000e-01
4.01129e+03 3.20000e-01
4.01229e+03 3.20000e-01
4.01329e+03 3.22938e-01
4.01430e+03 3.30000e-01
4.01530e+03 3.30000e-01
4.01630e+03 3.30000e-01
4.01731e+03 3.33091e-01
4.01831e+03 3.40000e-01
4.01932e+03 3.40000e-01
4.02032e+03 3.43232e-01
4.02133e+03 3.50000e-01
4.02233e+03 3.50000e-01
4.02334e+03 3.53395e-01
4.02435e+03 3.60000e-01
4.02535e+03 3.63517e-01
4.02636e+03 3.70000e-01
4.02736e+03 3.70000e-01
4.02837e+03 3.73719e-01
4.02938e+03 3.80000e-01
4.03039e+03 3.83865e-01
4.03139e+03 3.90000e-01
4.03240e+03 3.94022e-01
4.03341e+03 4.00000e-01
4.03442e+03 4.04189e-01
4.03543e+03 4.14277e-01
4.03644e+03 4.20000e-01
4.03745e+03 4.24459e-01
4.03846e+03 4.34554e-01
4.03947e+03 4.40000e-01
4.04048e+03 4.44751e-01
4.04149e+03 4.54854e-01
4.04250e+03 4.64959e-01
4.04351e+03 4.75066e-01
4.04452e+03 4.85176e-01
4.04553e+03 4.95289e-01
4.04654e+03 5.05404e-01
4.04755e+03 5.15521e-01
4.04856e+03 5.25642e-01
4.04958e+03 5.35764e-01
4.05059e+03 5.45889e-01
4.05160e+03 5.62034e-01
4.05261e+03 5.76147e-01
4.05363e+03 5.92561e-01
4.05464e+03 6.12831e-01
4.05566e+03 6.33107e-01
4.05667e+03 6.53388e-01
4.05768e+03 6.73674e-01
4.05870e+03 6.93965e-01
4.05971e+03 7.14261e-01
4.06073e+03 7.41843e-01
4.06174e+03 7.72302e-01
4.06276e+03 8.02769e-01
4.06377e+03 8.40991e-01
4.06479e+03 8.81634e-01
4.06581e+03 9.22287e-01
4.06682e+03 9.62950e-01
4.06784e+03 1.01203e+00
4.06886e+03 1.07146e+00
4.06988e+03 1.13250e+00
4.07089e+03 1.20248e+00
4.07191e+03 1.28284e+00
4.07293e+03 1.36428e+00
4.07395e+03 1.46469e+00
4.07497e+03 1.57621e+00
4.07598e+03 1.70797e+00
4.07700e+03 1.85060e+00
4.07802e+03 2.02435e+00
4.07904e+03 2.21936e+00
4.08006e+03 2.44623e+00
4.08108e+03 2.71477e+00
4.08210e+03 3.02604e+00
4.08312e+03 3.38945e+00
4.08414e+03 3.80937e+00
4.08517e+03 4.31113e+00
4.08619e+03 4.88788e+00
4.08721e+03 5.54615e+00
4.08823e+03 6.27534e+00
4.08925e+03 7.05726e+00
4.09028e+03 7.83825e+00
4.09130e+03 8.53584e+00
4.09232e+03 9.06235e+00
4.09334e+03 9.31721e+00
4.09437e+03 9.25808e+00
4.09539e+03 8.89648e+00
4.09642e+03 8.29756e+00
4.09744e+03 7.56591e+00
4.09846e+03 6.78730e+00
4.09949e+03 6.02805e+00
4.10051e+03 5.33115e+00
4.10154e+03 4.71272e+00
4.10256e+03 4.17335e+00
4.10359e+03 3.70614e+00
4.10462e+03 3.30810e+00
4.10564e+03 2.97720e+00
4.10667e+03 2.69601e+00
4.10770e+03 2.44992e+00
4.10872e+03 2.24262e+00
4.10975e+03 2.06994e+00
4.11078e+03 1.91331e+00
4.11181e+03 1.78331e+00
4.11283e+03 1.66828e+00
4.11386e+03 1.57240e+00
4.11489e+03 1.48874e+00
4.11592e+03 1.41563e+00
4.11695e+03 1.34359e+00
4.11798e+03 1.29110e+00
4.11901e+03 1.23969e+00
4.12004e+03 1.19850e+00
4.12107e+03 1.15797e+00
4.12210e+03 1.12706e+00
4.12313e+03 1.09742e+00
4.12416e+03 1.07681e+00
4.12519e+03 1.05618e+00
4.12622e+03 1.03555e+00
4.12725e+03 1.01746e+00
4.12829e+03 1.00714e+00
4.12932e+03 9.96819e-01
4.13035e+03 9.90000e-01
4.13138e+03 9.86167e-01
4.13242e+03 9.80000e-01
4.13345e+03 9.80000e-01
4.13448e+03 9.84830e-01
4.13552e+03 9.90000e-01
4.13655e+03 9.95508e-01
4.13759e+03 1.00000e+00
4.13862e+03 1.00620e+00
4.13965e+03 1.02309e+00
4.14069e+03 1.03689e+00
4.14172e+03 1.05449e+00
4.14276e+03 1.07520e+00
4.14380e+03 1.09592e+00
4.14483e+03 1.11664e+00
4.14587e+03 1.14605e+00
4.14691e+03 1.17715e+00
4.14794e+03 1.20826e+00
4.14898e+03 1.24916e+00
4.15002e+03 1.29082e+00
4.15105e+03 1.34270e+00
4.15209e+03 1.39552e+00
4.15313e+03 1.45781e+00
4.15417e+03 1.52180e+00
4.15521e+03 1.59657e+00
4.15625e+03 1.68461e+00
4.15729e+03 1.78853e+00
4.15832e+03 1.89572e+00
4.15936e+03 2.01738e+00
4.16040e+03 2.16066e+00
4.16144e+03 2.32559e+00
4.16249e+03 2.51703e+00
4.16353e+03 2.73570e+00
4.16457e+03 2.98740e+00
4.16561e+03 3.28246e+00
4.16665e+03 3.62740e+00
4.16769e+03 4.03352e+00
4.16873e+03 4.50478e+00
4.16978e+03 5.06449e+00
4.17082e+03 5.70563e+00
4.17186e+03 6.44874e+00
4.17290e+03 7.28255e+00
4.17395e+03 8.19401e+00
4.17499e+03 9.13222e+00
4.17604e+03 1.00250e+01
4.17708e+03 1.07465e+01
4.17812e+03 1.11861e+01
4.17917e+03 1.12629e+01
4.18021e+03 1.09669e+01
4.18126e+03 1.03561e+01
4.18230e+03 9.53857e+00
4.18335e+03 8.62877e+00
4.18440e+03 7.71368e+00
4.18544e+03 6.85532e+00
4.18649e+03 6.08301e+00
4.18754e+03 5.40892e+00
4.18858e+03 4.82728e+00
4.18963e+03 4.33305e+00
4.19068e+03 3.91275e+00
4.19172e+03 3.55807e+00
4.19277e+03 3.25361e+00
4.19382e+03 3.00113e+00
4.19487e+03 2.77735e+00
4.19592e+03 2.59384e+00
4.19697e+03 2.43484e+00
4.19802e+03 2.29812e+00
4.19907e+03 2.18333e+00
4.20012e+03 2.07951e+00
4.20117e+03 1.98833e+00
4.20222e+03 1.91697e+00
4.20327e+03 1.85393e+00
4.20432e+03 1.79725e+00
4.20537e+03 1.75150e+00
4.20642e+03 1.70735e+00
4.20747e+03 1.67580e+00
4.20853e+03 1.64950e+00
4.20958e+03 1.62845e+00
4.21063e+03 1.61370e+00
4.21168e+03 1.59634e+00
4.21274e+03 1.59000e+00
4.21379e+03 1.58211e+00
4.21484e+03 1.58000e+00
4.21590e+03 1.58897e+00
4.21695e+03 1.59000e+00
4.21801e+03 1.60005e+00
4.21906e+03 1.61119e+00
4.22011e+03 1.63229e+00
4.22117e+03 1.65340e+00
4.22223e+03 1.67450e+00
4.22328e+03 1.69843e+00
4.22434e+03 1.73011e+00
4.22539e+03 1.76572e+00
4.22645e+03 1.80798e+00
4.22751e+03 1.85025e+00
4.22856e+03 1.89816e+00
4.22962e+03 1.95103e+00
4.23068e+03 2.01069e+00
4.23174e+03 2.07415e+00
4.23279e+03 2.14558e+00
4.23385e+03 2.22818e+00
4.23491e+03 2.31287e+00
4.23597e+03 2.41698e+00
4.23703e+03 2.52347e+00
4.23809e+03 2.65148e+00
4.23915e+03 2.79071e+00
4.24021e+03 2.94533e+00
4.24127e+03 3.12825e+00
4.24233e+03 3.32898e+00
4.24339e+03 3.55952e+00
4.24445e+03 3.82155e+00
4.24551e+03 4.12343e+00
4.24657e+03 4.47053e+00
4.24763e+03 4.87388e+00
4.24870e+03 5.34050e+00
4.24976e+03 5.87471e+00
4.25082e+03 6.48476e+00
4.25188e+03 7.17375e+00
4.25295e+03 7.93225e+00
4.25401e+03 8.73810e+00
4.25507e+03 9.52071e+00
4.25614e+03 1.02262e+01
4.25720e+03 1.07709e+01
4.25827e+03 1.10847e+01
4.25933e+03 1.11568e+01
4.26040e+03 1.10227e+01
4.26146e+03 1.07606e+01
4.26253e+03 1.04623e+01
4.26359e+03 1.01936e+01
4.26466e+03 1.00143e+01
4.26573e+03 9.97000e+00
4.26679e+03 1.00730e+01
4.26786e+03 1.03319e+01
4.26893e+03 1.07682e+01
4.26999e+03 1.13762e+01
4.27106e+03 1.21737e+01
4.27213e+03 1.31303e+01
4.27320e+03 1.42249e+01
4.27427e+03 1.53895e+01
4.27533e+03 1.65176e+01
4.27640e+03 1.74765e+01
4.27747e+03 1.81379e+01
4.27854e+03 1.84134e+01
4.27961e+03 1.82971e+01
4.28068e+03 1.78659e+01
4.28175e+03 1.72663e+01
4.28282e+03 1.66429e+01
4.28389e+03 1.61111e+01
4.28496e+03 1.57610e+01
4.28604e+03 1.56443e+01
4.28711e+03 1.57987e+01
4.28818e+03 1.62277e+01
4.28925e+03 1.69339e+01
4.29032e+03 1.79201e+01
4.29140e+03 1.91699e+01
4.29247e+03 2.06507e+01
4.29354e+03 2.22827e+01
4.29462e+03 2.39743e+01
4.29569e+03 2.56156e+01
4.29676e+03 2.71044e+01
4.29784e+03 2.83846e+01
4.29891e+03 2.94468e+01
4.29999e+03 3.02712e+01
4.30106e+03 3.07901e+01
4.30214e+03 3.09053e+01
4.30321e+03 3.05356e+01
4.30429e+03 2.96477e+01
4.30537e+03 2.83504e+01
4.30644e+03 2.68143e+01
4.30752e+03 2.52363e+01
4.30860e+03 2.37701e+01
4.30967e+03 2.25017e+01
4.31075e+03 2.14410e+01
4.31183e+03 2.05298e+01
4.31291e+03 1.96639e+01
4.31399e+03 1.87520e+01
4.31506e+03 1.76890e+01
4.31614e+03 1.64893e+01
4.31722e+03 1.51984e+01
4.31830e+03 1.38875e+01
4.31938e+03 1.26224e+01
4.32046e+03 1.14544e+01
4.32154e+03 1.04068e+01
4.32262e+03 9.48574e+00
4.32370e+03 8.68063e+00
4.32478e+03 7.99152e+00
4.32587e+03 7.40116e+00
4.32695e+03 6.89423e+00
4.32803e+03 6.46007e+00
4.32911e+03 6.09660e+00
4.33019e+03 5.78156e+00
4.33128e+03 5.51918e+00
4.33236e+03 5.29171e+00
4.33344e+03 5.09918e+00
4.33453e+03 4.94160e+00
4.33561e+03 4.81291e+00
4.33669e+03 4.70755e+00
4.33778e+03 4.62552e+00
4.33886e+03 4.56686e+00
4.33995e+03 4.53157e+00
4.34103e+03 4.52000e+00
4.34212e+03 4.52355e+00
4.34320e+03 4.55815e+00
4.34429e+03 4.60739e+00
4.34538e+03 4.68008e+00
4.34646e+03 4.77625e+00
4.34755e+03 4.90140e+00
4.34864e+03 5.05544e+00
4.34972e+03 5.24024e+00
4.35081e+03 5.46033e+00
4.35190e+03 5.72474e+00
4.35299e+03 6.03625e+00
4.35408e+03 6.41018e+00
4.35516e+03 6.85384e+00
4.35625e+03 7.36663e+00
4.35734e+03 7.97875e+00
4.35843e+03 8.69082e+00
4.35952e+03 9.53279e+00
4.36061e+03 1.05170e+01
4.36170e+03 1.16479e+01
4.36279e+03 1.29366e+01
4.36388e+03 1.43646e+01
4.36497e+03 1.58839e+01
4.36607e+03 1.74033e+01
4.36716e+03 1.87504e+01
4.36825e+03 1.97720e+01
4.36934e+03 2.03283e+01
4.37043e+03 2.03602e+01
4.37153e+03 1.99351e+01
4.37262e+03 1.91929e+01
4.37371e+03 1.83154e+01
4.37481e+03 1.74590e+01
4.37590e+03 1.67518e+01
4.37699e+03 1.62524e+01
4.37809e+03 1.60082e+01
4.37918e+03 1.60194e+01
4.38028e+03 1.62363e+01
4.38137e+03 1.66057e+01
4.38247e+03 1.70376e+01
4.38356e+03 1.74251e+01
4.38466e+03 1.76525e+01
4.38576e+03 1.76319e+01
4.38685e+03 1.73539e+01
4.38795e+03 1.68632e+01
4.38905e+03 1.62642e+01
4.39015e+03 1.56832e+01
4.39124e+03 1.52123e+01
4.39234e+03 1.49155e+01
4.39344e+03 1.48232e+01
4.39454e+03 1.49636e+01
4.39564e+03 1.53309e+01
4.39674e+03 1.59212e+01
4.39783e+03 1.67060e+01
4.39893e+03 1.76241e+01
4.40003e+03 1.85773e+01
4.40113e+03 1.94332e+01
4.40223e+03 2.00545e+01
4.40334e+03 2.03501e+01
4.40444e+03 2.03071e+01
4.40554e+03 2.00065e+01
4.40664e+03 1.95716e+01
4.40774e+03 1.91533e+01
4.40884e+03 1.88745e+01
4.40995e+03 1.88022e+01
4.41105e+03 1.89653e+01
4.41215e+03 1.93349e+01
4.41325e+03 1.98118e+01
4.41436e+03 2.02544e+01
4.41546e+03 2.05015e+01
4.41657e+03 2.04087e+01
4.41767e+03 1.98916e+01
4.41877e+03 1.89547e+01
4.41988e+03 1.77117e+01
4.42098e+03 1.63007e+01
4.42209e+03 1.48583e+01
4.42320e+03 1.34957e+01
4.42430e+03 1.22630e+01
4.42541e+03 1.11836e+01
4.42651e+03 1.02493e+01
4.42762e+03 9.45432e+00
4.42873e+03 8.77807e+00
4.42983e+03 8.21096e+00
4.43094e+03 7.74362e+00
4.43205e+03 7.35492e+00
4.43316e+03 7.03198e+00
4.43427e+03 6.77663e+00
4.43538e+03 6.56616e+00
4.43648e+03 6.40186e+00
4.43759e+03 6.28062e+00
4.43870e+03 6.19780e+00
4.43981e+03 6.14747e+00
4.44092e+03 6.13077e+00
4.44203e+03 6.14134e+00
4.44314e+03 6.18865e+00
4.44426e+03 6.26296e+00
4.44537e+03 6.37030e+00
4.44648e+03 6.50690e+00
4.44759e+03 6.68023e+00
4.44870e+03 6.89033e+00
4.44981e+03 7.14535e+00
4.45093e+03 7.44017e+00
4.45204e+03 7.78419e+00
4.45315e+03 8.19408e+00
4.45427e+03 8.67502e+00
4.45538e+03 9.22504e+00
4.45649e+03 9.86609e+00
4.45761e+03 1.06116e+01
4.45872e+03 1.14824e+01
4.45984e+03 1.25054e+01
4.46095e+03 1.36981e+01
4.46207e+03 1.50976e+01
4.46318e+03 1.67427e+01
4.46430e+03 1.86528e+01
4.46542e+03 2.08428e+01
4.46653e+03 2.33044e+01
4.46765e+03 2.59862e+01
4.46877e+03 2.87724e+01
4.46988e+03 3.14533e+01
4.47100e+03 3.37612e+01
4.47212e+03 3.52796e+01
4.47324e+03 3.58392e+01
4.47436e+03 3.54308e+01
4.47547e+03 3.42110e+01
4.47659e+03 3.24895e+01
4.47771e+03 3.05776e+01
4.47883e+03 2.87489e+01
4.47995e+03 2.71665e+01
4.48107e+03 2.59761e+01
4.48219e+03 2.51973e+01
4.48331e+03 2.48062e+01
4.48443e+03 2.47621e+01
4.48556e+03 2.50077e+01
4.48668e+03 2.54410e+01
4.48780e+03 2.59394e+01
4.48892e+03 2.63614e+01
4.49004e+03 2.66004e+01
4.49117e+03 2.65802e+01
4.49229e+03 2.63376e+01
4.49341e+03 2.59576e+01
4.49454e+03 2.55687e+01
4.49566e+03 2.53014e+01
4.49678e+03 2.52557e+01
4.49791e+03 2.55141e+01
4.49903e+03 2.61486e+01
4.50016e+03 2.72016e+01
4.50128e+03 2.86646e+01
4.50241e+03 3.05201e+01
4.50353e+03 3.27195e+01
4.50466e+03 3.51671e+01
4.50579e+03 3.77136e+01
4.50691e+03 4.01615e+01
4.50804e+03 4.23335e+01
4.50917e+03 4.41112e+01
4.51029e+03 4.55490e+01
4.51142e+03 4.67531e+01
4.51255e+03 4.78255e+01
4.51368e+03 4.88093e+01
4.51481e+03 4.96767e+01
4.51594e+03 5.03530e+01
4.51706e+03 5.07464e+01
4.51819e+03 5.07993e+01
4.51932e+03 5.04392e+01
4.52045e+03 4.95776e+01
4.52158e+03 4.81621e+01
4.52271e+03 4.62074e+01
4.52384e+03 4.38111e+01
4.52498e+03 4.11665e+01
4.52611e+03 3.85015e+01
4.52724e+03 3.60441e+01
4.52837e+03 3.38992e+01
4.52950e+03 3.21254e+01
4.53064e+03 3.07115e+01
4.53177e+03 2.95852e+01
4.53290e+03 2.86576e+01
4.53404e+03 2.78461e+01
4.53517e+03 2.70837e+01
4.53630e+03 2.63875e+01
4.53744e+03 2.57934e+01
4.53857e+03 2.53800e+01
4.53971e+03 2.52106e+01
4.54084e+03 2.53498e+01
4.54198e+03 2.58097e+01
4.54311e+03 2.66600e+01
4.54425e+03 2.78327e+01
4.54538e+03 2.92842e+01
4.54652e+03 3.09160e+01
4.54766e+03 3.26164e+01
4.54879e+03 3.42346e+01
4.54993e+03 3.56570e+01
4.55107e+03 3.68029e+01
4.55221e+03 3.76117e+01
4.55335e+03 3.80588e+01
4.55448e+03 3.80635e+01
4.55562e+03 3.75388e+01
4.55676e+03 3.64594e+01
4.55790e+03 3.48840e+01
4.55904e+03 3.29675e+01
4.56018e+03 3.09589e+01
4.56132e+03 2.90556e+01
4.56246e+03 2.74054e+01
4.56360e+03 2.60796e+01
4.56474e+03 2.51199e+01
4.56588e+03 2.45407e+01
4.56703e+03 2.43542e+01
4.56817e+03 2.45857e+01
4.56931e+03 2.51866e+01
4.57045e+03 2.61383e+01
4.57160e+03 2.74126e+01
4.57274e+03 2.89589e+01
4.57388e+03 3.06794e+01
4.57503e+03 3.24796e+01
4.57617e+03 3.42391e+01
4.57731e+03 3.58834e+01
4.57846e+03 3.73643e+01
4.57960e+03 3.86410e+01
4.58075e+03 3.96409e+01
4.58189e+03 4.02241e+01
4.58304e+03 4.02302e+01
4.58418e+03 3.95589e+01
4.58533e+03 3.83231e+01
4.58648e+03 3.67286e+01
4.58762e+03 3.50137e+01
4.58877e+03 3.33934e+01
4.58992e+03 3.20144e+01
4.59107e+03 3.09650e+01
4.59221e+03 3.02187e+01
4.59336e+03 2.96506e+01
4.59451e+03 2.91350e+01
4.59566e+03 2.85472e+01
4.59681e+03 2.78182e+01
4.59796e+03 2.69236e+01
4.59911e+03 2.58999e+01
4.60026e+03 2.48253e+01
4.60141e+03 2.37408e+01
4.60256e+03 2.26987e+01
4.60371e+03 2.17499e+01
4.60486e+03 2.09351e+01
4.60601e+03 2.03060e+01
4.60716e+03 1.99323e+01
4.60832e+03 1.98026e+01
4.60947e+03 1.99515e+01
4.61062e+03 2.03813e+01
4.61177e+03 2.11085e+01
4.61293e+03 2.21401e+01
4.61408e+03 2.34791e+01
4.61523e+03 2.51084e+01
4.61639e+03 2.69280e+01
4.61754e+03 2.88325e+01
4.61870e+03 3.06818e+01
4.61985e+03 3.23248e+01
4.62101e+03 3.36647e+01
4.62216e+03 3.46493e+01
4.62332e+03 3.53972e+01
4.62447e+03 3.60020e+01
4.62563e+03 3.64952e+01
4.62679e+03 3.68206e+01
4.62794e+03 3.68135e+01
4.62910e+03 3.62458e+01
4.63026e+03 3.50256e+01
4.63141e+03 3.32284e+01
4.63257e+03 3.10297e+01
4.63373e+03 2.86504e+01
4.63489e+03 2.63028e+01
4.63605e+03 2.41307e+01
4.63721e+03 2.22658e+01
4.63837e+03 2.07037e+01
4.63953e+03 1.94447e+01
4.64069e+03 1.84889e+01
4.64185e+03 1.78112e+01
4.64301e+03 1.74090e+01
4.64417e+03 1.72918e+01
4.64533e+03 1.74356e+01
4.64649e+03 1.78358e+01
4.64765e+03 1.85073e+01
4.64881e+03 1.94488e+01
4.64998e+03 2.06555e+01
4.65114e+03 2.21370e+01
4.65230e+03 2.38070e+01
4.65347e+03 2.55681e+01
4.65463e+03 2.72737e+01
4.65579e+03 2.87597e+01
4.65696e+03 2.98811e+01
4.65812e+03 3.05489e+01
4.65929e+03 3.08644e+01
4.66045e+03 3.09681e+01
4.66162e+03 3.09962e+01
4.66278e+03 3.10000e+01
4.66395e+03 3.09526e+01
4.66511e+03 3.06852e+01
4.66628e+03 3.00216e+01
4.66745e+03 2.88554e+01
4.66861e+03 2.71995e+01
4.66978e+03 2.51598e+01
4.67095e+03 2.29187e+01
4.67212e+03 2.06624e+01
4.67329e+03 1.85295e+01
4.67445e+03 1.65923e+01
4.67562e+03 1.48686e+01
4.67679e+03 1.33665e+01
4.67796e+03 1.20723e+01
4.67913e+03 1.09717e+01
4.68030e+03 1.00307e+01
4.68147e+03 9.22353e+00
4.68264e+03 8.53098e+00
4.68381e+03 7.93217e+00
4.68498e+03 7.41731e+00
4.68615e+03 6.98059e+00
4.68733e+03 6.61544e+00
4.68850e+03 6.29548e+00
4.68967e+03 6.02253e+00
4.69084e+03 5.78985e+00
4.69202e+03 5.60795e+00
4.69319e+03 5.45922e+00
4.69436e+03 5.34464e+00
4.69554e+03 5.27320e+00
4.69671e+03 5.22870e+00
4.69788e+03 5.22000e+00
4.69906e+03 5.25354e+00
4.70023e+03 5.33106e+00
4.70141e+03 5.45319e+00
4.70258e+03 5.62355e+00
4.70376e+03 5.84209e+00
4.70494e+03 6.12414e+00
4.70611e+03 6.46727e+00
4.70729e+03 6.86426e+00
4.70847e+03 7.30197e+00
4.70964e+03 7.75466e+00
4.71082e+03 8.18571e+00
4.71200e+03 8.54978e+00
4.71318e+03 8.79484e+00
4.71436e+03 8.92779e+00
4.71553e+03 8.96000e+00
4.71671e+03 8.93146e+00
4.71789e+03 8.89321e+00
4.71907e+03 8.88218e+00
4.72025e+03 8.93272e+00
4.72143e+03 9.06490e+00
4.72261e+03 9.29103e+00
4.72379e+03 9.63408e+00
4.72498e+03 1.00900e+01
4.72616e+03 1.06382e+01
4.72734e+03 1.12291e+01
4.72852e+03 1.17785e+01
4.72970e+03 1.21907e+01
4.73089e+03 1.23596e+01
4.73207e+03 1.21942e+01
4.73325e+03 1.16969e+01
4.73443e+03 1.09572e+01
4.73562e+03 1.00616e+01
4.73680e+03 9.11816e+00
4.73799e+03 8.19041e+00
4.73917e+03 7.33694e+00
4.74036e+03 6.57982e+00
4.74154e+03 5.91302e+00
4.74273e+03 5.33558e+00
4.74391e+03 4.83574e+00
4.74510e+03 4.40932e+00
4.74629e+03 4.05009e+00
4.74747e+03 3.73197e+00
4.74866e+03 3.46158e+00
4.74985e+03 3.22071e+00
4.75103e+03 3.01455e+00
4.75222e+03 2.82893e+00
4.75341e+03 2.67078e+00
4.75460e+03 2.52816e+00
4.75579e+03 2.40125e+00
4.75698e+03 2.28234e+00
4.75817e+03 2.18672e+00
4.75936e+03 2.09511e+00
4.76055e+03 2.01181e+00
4.76174e+03 1.93585e+00
4.76293e+03 1.86441e+00
4.76412e+03 1.80413e+00
4.76531e+03 1.74457e+00
4.76650e+03 1.69000e+00
4.76769e+03 1.64233e+00
4.76888e+03 1.60348e+00
4.77008e+03 1.55771e+00
4.77127e+03 1.52193e+00
4.77246e+03 1.48614e+00
4.77366e+03 1.45035e+00
4.77485e+03 1.42303e+00
4.77604e+03 1.38915e+00
4.77724e+03 1.36527e+00
4.77843e+03 1.34138e+00
4.77963e+03 1.31748e+00
4.78082e+03 1.29358e+00
4.78202e+03 1.26984e+00
4.78321e+03 1.25576e+00
4.78441e+03 1.23592e+00
4.78560e+03 1.22396e+00
4.78680e+03 1.20398e+00
4.78800e+03 1.19002e+00
4.78919e+03 1.17805e+00
4.79039e+03 1.16608e+00
4.79159e+03 1.15410e+00
4.79279e+03 1.14212e+00
4.79399e+03 1.13014e+00
4.79518e+03 1.12000e+00
4.79638e+03 1.11616e+00
4.79758e+03 1.10417e+00
4.79878e+03 1.10000e+00
4.79998e+03 1.09017e+00
4.80118e+03 1.08817e+00
4.80238e+03 1.08000e+00
4.80358e+03 1.07416e+00
4.80478e+03 1.07000e+00
4.80599e+03 1.07000e+00
4.80719e+03 1.06812e+00
4.80839e+03 1.06000e+00
4.80959e+03 1.06000e+00
4.81079e+03 1.06000e+00
4.81200e+03 1.06000e+00
4.81320e+03 1.06000e+00
4.81440e+03 1.06000e+00
4.81561e+03 1.06000e+00
4.81681e+03 1.06000e+00
4.81802e+03 1.07000e+00
4.81922e+03 1.07000e+00
4.82043e+03 1.07426e+00
4.82163e+03 1.08000e+00
4.82284e+03 1.08000e+00
4.82404e+03 1.09043e+00
4.82525e+03 1.10000e+00
4.82646e+03 1.10455e+00
4.82766e+03 1.11662e+00
4.82887e+03 1.12000e+00
4.83008e+03 1.13076e+00
4.83128e+03 1.14284e+00
4.83249e+03 1.15492e+00
4.83370e+03 1.16700e+00
4.83491e+03 1.17909e+00
4.83612e+03 1.20118e+00
4.83733e+03 1.21654e+00
4.83854e+03 1.23536e+00
4.83975e+03 1.25492e+00
4.84096e+03 1.27913e+00
4.84217e+03 1.29500e+00
4.84338e+03 1.32755e+00
4.84459e+03 1.35177e+00
4.84580e+03 1.38399e+00
4.84701e+03 1.41034e+00
4.84822e+03 1.44670e+00
4.84944e+03 1.48306e+00
4.85065e+03 1.52592e+00
4.85186e+03 1.57443e+00
4.85307e+03 1.62295e+00
4.85429e+03 1.67436e+00
4.85550e+03 1.73505e+00
4.85672e+03 1.80290e+00
4.85793e+03 1.87576e+00
4.85914e+03 1.95152e+00
4.86036e+03 2.04512e+00
4.86157e+03 2.14168e+00
4.86279e+03 2.25107e+00
4.86401e+03 2.38061e+00
4.86522e+03 2.51882e+00
4.86644e+03 2.68134e+00
4.86765e+03 2.86479e+00
4.86887e+03 3.07696e+00
4.87009e+03 3.31056e+00
4.87131e+03 3.59676e+00
4.87253e+03 3.91701e+00
4.87374e+03 4.28786e+00
4.87496e+03 4.71628e+00
4.87618e+03 5.23316e+00
4.87740e+03 5.81799e+00
4.87862e+03 6.48930e+00
4.87984e+03 7.24715e+00
4.88106e+03 8.07218e+00
4.88228e+03 8.93588e+00
4.88350e+03 9.76536e+00
4.88472e+03 1.04724e+01
4.88594e+03 1.09689e+01
4.88716e+03 1.11501e+01
4.88839e+03 1.10034e+01
4.88961e+03 1.06004e+01
4.89083e+03 1.00160e+01
4.89205e+03 9.34021e+00
4.89328e+03 8.67856e+00
4.89450e+03 8.07963e+00
4.89572e+03 7.56742e+00
4.89695e+03 7.15643e+00
4.89817e+03 6.85885e+00
4.89940e+03 6.66227e+00
4.90062e+03 6.55264e+00
4.90185e+03 6.53848e+00
4.90307e+03 6.61958e+00
4.90430e+03 6.79692e+00
4.90553e+03 7.06146e+00
4.90675e+03 7.42828e+00
4.90798e+03 7.90168e+00
4.90921e+03 8.50968e+00
4.91043e+03 9.26499e+00
4.91166e+03 1.01726e+01
4.91289e+03 1.12585e+01
4.91412e+03 1.25616e+01
4.91535e+03 1.40915e+01
4.91658e+03 1.58378e+01
4.91780e+03 1.77660e+01
4.91903e+03 1.97964e+01
4.92026e+03 2.17615e+01
4.92149e+03 2.34387e+01
4.92273e+03 2.45912e+01
4.92396e+03 2.50103e+01
4.92519e+03 2.45071e+01
4.92642e+03 2.32599e+01
4.92765e+03 2.15018e+01
4.92888e+03 1.94686e+01
4.93011e+03 1.73728e+01
4.93135e+03 1.53982e+01
4.93258e+03 1.35988e+01
4.93381e+03 1.20108e+01
4.93505e+03 1.06344e+01
4.93628e+03 9.48084e+00
4.93752e+03 8.48330e+00
4.93875e+03 7.63242e+00
4.93998e+03 6.89872e+00
4.94122e+03 6.29315e+00
4.94246e+03 5.77232e+00
4.94369e+03 5.31803e+00
4.94493e+03 4.92250e+00
4.94616e+03 4.59069e+00
4.94740e+03 4.30189e+00
4.94864e+03 4.04887e+00
4.94987e+03 3.83128e+00
4.95111e+03 3.63426e+00
4.95235e+03 3.46795e+00
4.95359e+03 3.32525e+00
4.95483e+03 3.19728e+00
4.95607e+03 3.08538e+00
4.95731e+03 2.99864e+00
4.95854e+03 2.91187e+00
4.95978e+03 2.84078e+00
4.96102e+03 2.77902e+00
4.96226e+03 2.73205e+00
4.96351e+03 2.69483e+00
4.96475e+03 2.66507e+00
4.96599e+03 2.64024e+00
4.96723e+03 2.62770e+00
4.96847e+03 2.62000e+00
4.96971e+03 2.62714e+00
4.97096e+03 2.63000e+00
4.97220e+03 2.65199e+00
4.97344e+03 2.67328e+00
4.97469e+03 2.70372e+00
4.97593e+03 2.74720e+00
4.97717e+03 2.78871e+00
4.97842e+03 2.85093e+00
4.97966e+03 2.91317e+00
4.98091e+03 2.99359e+00
4.98215e+03 3.08077e+00
4.98340e+03 3.17596e+00
4.98465e+03 3.29455e+00
4.98589e+03 3.41918e+00
4.98714e+03 3.56661e+00
4.98839e+03 3.72395e+00
4.98963e+03 3.91122e+00
4.99088e+03 4.11964e+00
4.99213e+03 4.35562e+00
4.99338e+03 4.62031e+00
4.99462e+03 4.92619e+00
4.99587e+03 5.26460e+00
4.99712e+03 5.66295e+00
4.99837e+03 6.11886e+00
4.99962e+03 6.64363e+00
5.00087e+03 7.24598e+00
5.00212e+03 7.94707e+00
5.00337e+03 8.76857e+00
5.00462e+03 9.72545e+00
5.00588e+03 1.08353e+01
5.00713e+03 1.21398e+01
5.00838e+03 1.36701e+01
5.00963e+03 1.54241e+01
5.01088e+03 1.74104e+01
5.01214e+03 1.96354e+01
5.01339e+03 2.19984e+01
5.01464e+03 2.43665e+01
5.01590e+03 2.65461e+01
5.01715e+03 2.82582e+01
5.01841e+03 2.92928e+01
5.01966e+03 2.96230e+01
5.02092e+03 2.93287e+01
5.02217e+03 2.85770e+01
5.02343e+03 2.76729e+01
5.02468e+03 2.68027e+01
5.02594e+03 2.60548e+01
5.02720e+03 2.54381e+01
5.02845e+03 2.48202e+01
5.02971e+03 2.40544e+01
5.03097e+03 2.30377e+01
5.03223e+03 2.16584e+01
5.03348e+03 2.00228e+01
5.03474e+03 1.82415e+01
5.03600e+03 1.64288e+01
5.03726e+03 1.47046e+01
5.03852e+03 1.31318e+01
5.03978e+03 1.17184e+01
5.04104e+03 1.04861e+01
5.04230e+03 9.43215e+00
5.04356e+03 8.52444e+00
5.04482e+03 7.73705e+00
5.04608e+03 7.07101e+00
5.04734e+03 6.49526e+00
5.04861e+03 5.99555e+00
5.04987e+03 5.55456e+00
5.05113e+03 5.18448e+00
5.05239e+03 4.85532e+00
5.05366e+03 4.57187e+00
5.05492e+03 4.31574e+00
5.05619e+03 4.10037e+00
5.05745e+03 3.90259e+00
5.05871e+03 3.72719e+00
5.05998e+03 3.57255e+00
5.06124e+03 3.44561e+00
5.06251e+03 3.32415e+00
5.06378e+03 3.21799e+00
5.06504e+03 3.12711e+00
5.06631e+03 3.04461e+00
5.06757e+03 2.97553e+00
5.06884e+03 2.91634e+00
5.07011e+03 2.85673e+00
5.07138e+03 2.81494e+00
5.07264e+03 2.77711e+00
5.07391e+03 2.74261e+00
5.07518e+03 2.71818e+00
5.07645e+03 2.70550e+00
5.07772e+03 2.69280e+00
5.07899e+03 2.68011e+00
5.08026e+03 2.68000e+00
5.08153e+03 2.68529e+00
5.08280e+03 2.69800e+00
5.08407e+03 2.71142e+00
5.08534e+03 2.73684e+00
5.08661e+03 2.76227e+00
5.08789e+03 2.79656e+00
5.08916e+03 2.83630e+00
5.09043e+03 2.88290e+00
5.09170e+03 2.93513e+00
5.09298e+03 2.99879e+00
5.09425e+03 3.06495e+00
5.09552e+03 3.14137e+00
5.09680e+03 3.22578e+00
5.09807e+03 3.32642e+00
5.09935e+03 3.44114e+00
5.10062e+03 3.56210e+00
5.10190e+03 3.69859e+00
5.10317e+03 3.85235e+00
5.10445e+03 4.02270e+00
5.10572e+03 4.21586e+00
5.10700e+03 4.43013e+00
5.10828e+03 4.66830e+00
5.10955e+03 4.94762e+00
5.11083e+03 5.25810e+00
5.11211e+03 5.61419e+00
5.11339e+03 6.02596e+00
5.11467e+03 6.49345e+00
5.11595e+03 7.02669e+00
5.11722e+03 7.66147e+00
5.11850e+03 8.38769e+00
5.11978e+03 9.23109e+00
5.12106e+03 1.02059e+01
5.12234e+03 1.13544e+01
5.12363e+03 1.26655e+01
5.12491e+03 1.41397e+01
5.12619e+03 1.57818e+01
5.12747e+03 1.75134e+01
5.12875e+03 1.92397e+01
5.13003e+03 2.08033e+01
5.13132e+03 2.19622e+01
5.13260e+03 2.26059e+01
5.13388e+03 2.26859e+01
5.13517e+03 2.22084e+01
5.13645e+03 2.13621e+01
5.13773e+03 2.03695e+01
5.13902e+03 1.93872e+01
5.14030e+03 1.85817e+01
5.14159e+03 1.80078e+01
5.14288e+03 1.77025e+01
5.14416e+03 1.77074e+01
5.14545e+03 1.80110e+01
5.14673e+03 1.85989e+01
5.14802e+03 1.94365e+01
5.14931e+03 2.04939e+01
5.15060e+03 2.16576e+01
5.15188e+03 2.28159e+01
5.15317e+03 2.38296e+01
5.15446e+03 2.45760e+01
5.15575e+03 2.50620e+01
5.15704e+03 2.53253e+01
5.15833e+03 2.55156e+01
5.15962e+03 2.57965e+01
5.16091e+03 2.62718e+01
5.16220e+03 2.70339e+01
5.16349e+03 2.80395e+01
5.16478e+03 2.91810e+01
5.16607e+03 3.02663e+01
5.16736e+03 3.10067e+01
5.16865e+03 3.11973e+01
5.16995e+03 3.07258e+01
5.17124e+03 2.95062e+01
5.17253e+03 2.77988e+01
5.17383e+03 2.58328e+01
5.17512e+03 2.38354e+01
5.17641e+03 2.19870e+01
5.17771e+03 2.03587e+01
5.17900e+03 1.90087e+01
5.18030e+03 1.79873e+01
5.18159e+03 1.72519e+01
5.18289e+03 1.67849e+01
5.18418e+03 1.66155e+01
5.18548e+03 1.67263e+01
5.18678e+03 1.70916e+01
5.18807e+03 1.77280e+01
5.18937e+03 1.86359e+01
5.19067e+03 1.97674e+01
5.19197e+03 2.10646e+01
5.19326e+03 2.24187e+01
5.19456e+03 2.36645e+01
5.19586e+03 2.46095e+01
5.19716e+03 2.50220e+01
5.19846e+03 2.47825e+01
5.19976e+03 2.39655e+01
5.20106e+03 2.27002e+01
5.20236e+03 2.11477e+01
5.20366e+03 1.95478e+01
5.20496e+03 1.80244e+01
5.20626e+03 1.66730e+01
5.20756e+03 1.55227e+01
5.20887e+03 1.45720e+01
5.21017e+03 1.38340e+01
5.21147e+03 1.32996e+01
5.21277e+03 1.29341e+01
5.21408e+03 1.27269e+01
5.21538e+03 1.27053e+01
5.21669e+03 1.28260e+01
5.21799e+03 1.31076e+01
5.21929e+03 1.35797e+01
5.22060e+03 1.42199e+01
5.22191e+03 1.50554e+01
5.22321e+03 1.61181e+01
5.22452e+03 1.74232e+01
5.22582e+03 1.89705e+01
5.22713e+03 2.07670e+01
5.22844e+03 2.28015e+01
5.22974e+03 2.49621e+01
5.23105e+03 2.71286e+01
5.23236e+03 2.90507e+01
5.23367e+03 3.05442e+01
5.23498e+03 3.14264e+01
5.23629e+03 3.14845e+01
5.23759e+03 3.08837e+01
5.23890e+03 2.97794e+01
5.24021e+03 2.83378e+01
5.24152e+03 2.67970e+01
5.24283e+03 2.53220e+01
5.24415e+03 2.40637e+01
5.24546e+03 2.31015e+01
5.24677e+03 2.24628e+01
5.24808e+03 2.21600e+01
5.24939e+03 2.22345e+01
5.25070e+03 2.26037e+01
5.25202e+03 2.32517e+01
5.25333e+03 2.41679e+01
5.25464e+03 2.52633e+01
5.25596e+03 2.64997e+01
5.25727e+03 2.78794e+01
5.25859e+03 2.93546e+01
5.25990e+03 3.08847e+01
5.26122e+03 3.23774e+01
5.26253e+03 3.36682e+01
5.26385e+03 3.46141e+01
5.26516e+03 3.50316e+01
5.26648e+03 3.49199e+01
5.26780e+03 3.44313e+01
5.26911e+03 3.37383e+01
5.27043e+03 3.30571e+01
5.27175e+03 3.25202e+01
5.27307e+03 3.21692e+01
5.27439e+03 3.19853e+01
5.27570e+03 3.18948e+01
5.27702e+03 3.18288e+01
5.27834e+03 3.17525e+01
5.27966e+03 3.16271e+01
5.28098e+03 3.14130e+01
5.28230e+03 3.09834e+01
5.28362e+03 3.02704e+01
5.28495e+03 2.92075e+01
5.28627e+03 2.77645e+01
5.28759e+03 2.60990e+01
5.28891e+03 2.43489e+01
5.29023e+03 2.26704e+01
5.29156e+03 2.11609e+01
5.29288e+03 1.98727e+01
5.29420e+03 1.88647e+01
5.29553e+03 1.81228e+01
5.29685e+03 1.76365e+01
5.29817e+03 1.74148e+01
5.29950e+03 1.74549e+01
5.30082e+03 1.77507e+01
5.30215e+03 1.83182e+01
5.30348e+03 1.91858e+01
5.30480e+03 2.03511e+01
5.30613e+03 2.18396e+01
5.30745e+03 2.36950e+01
5.30878e+03 2.58659e+01
5.31011e+03 2.83340e+01
5.31144e+03 3.09670e+01
5.31276e+03 3.35599e+01
5.31409e+03 3.58205e+01
5.31542e+03 3.73287e+01
5.31675e+03 3.79226e+01
5.31808e+03 3.74634e+01
5.31941e+03 3.60109e+01
5.32074e+03 3.39773e+01
5.32207e+03 3.16692e+01
5.32340e+03 2.94112e+01
5.32473e+03 2.73866e+01
5.32606e+03 2.57184e+01
5.32739e+03 2.45080e+01
5.32873e+03 2.36967e+01
5.33006e+03 2.32653e+01
5.33139e+03 2.32174e+01
5.33272e+03 2.33904e+01
5.33406e+03 2.36716e+01
5.33539e+03 2.38952e+01
5.33673e+03 2.38919e+01
5.33806e+03 2.35270e+01
5.33939e+03 2.27061e+01
5.34073e+03 2.15687e+01
5.34207e+03 2.02217e+01
5.34340e+03 1.88313e+01
5.34474e+03 1.75127e+01
5.34607e+03 1.63559e+01
5.34741e+03 1.54200e+01
5.34875e+03 1.46941e+01
5.35008e+03 1.42006e+01
5.35142e+03 1.39478e+01
5.35276e+03 1.39052e+01
5.35410e+03 1.40736e+01
5.35544e+03 1.44385e+01
5.35678e+03 1.49481e+01
5.35812e+03 1.55319e+01
5.35945e+03 1.61029e+01
5.36080e+03 1.65247e+01
5.36214e+03 1.66751e+01
5.36348e+03 1.64277e+01
5.36482e+03 1.58351e+01
5.36616e+03 1.49232e+01
5.36750e+03 1.38248e+01
5.36884e+03 1.26672e+01
5.37018e+03 1.15441e+01
5.37153e+03 1.05098e+01
5.37287e+03 9.58554e+00
5.37421e+03 8.78670e+00
5.37556e+03 8.10240e+00
5.37690e+03 7.52036e+00
5.37825e+03 7.03130e+00
5.37959e+03 6.62461e+00
5.38094e+03 6.28542e+00
5.38228e+03 6.01939e+00
5.38363e+03 5.79597e+00
5.38497e+03 5.62325e+00
5.38632e+03 5.49764e+00
5.38767e+03 5.41669e+00
5.38901e+03 5.36987e+00
5.39036e+03 5.36721e+00
5.39171e+03 5.40834e+00
5.39306e+03 5.48452e+00
5.39440e+03 5.60454e+00
5.39575e+03 5.77552e+00
5.39710e+03 6.00056e+00
5.39845e+03 6.28401e+00
5.39980e+03 6.63456e+00
5.40115e+03 7.06629e+00
5.40250e+03 7.59109e+00
5.40385e+03 8.20962e+00
5.40520e+03 8.93271e+00
5.40656e+03 9.77139e+00
5.40791e+03 1.06955e+01
5.40926e+03 1.16824e+01
5.41061e+03 1.26709e+01
5.41197e+03 1.35967e+01
5.41332e+03 1.43465e+01
5.41467e+03 1.48952e+01
5.41603e+03 1.52544e+01
5.41738e+03 1.54656e+01
5.41873e+03 1.56208e+01
5.42009e+03 1.58052e+01
5.42144e+03 1.60578e+01
5.42280e+03 1.63720e+01
5.42416e+03 1.67174e+01
5.42551e+03 1.70378e+01
5.42687e+03 1.73064e+01
5.42823e+03 1.74858e+01
5.42958e+03 1.75342e+01
5.43094e+03 1.74266e+01
5.43230e+03 1.70377e+01
5.43366e+03 1.63693e+01
5.43502e+03 1.54374e+01
5.43637e+03 1.42697e+01
5.43773e+03 1.30034e+01
5.43909e+03 1.17364e+01
5.44045e+03 1.05351e+01
5.44181e+03 9.43581e+00
5.44317e+03 8.47884e+00
5.44453e+03 7.63990e+00
5.44590e+03 6.91306e+00
5.44726e+03 6.29439e+00
5.44862e+03 5.76695e+00
5.44998e+03 5.31579e+00
5.45134e+03 4.93041e+00
5.45271e+03 4.59726e+00
5.45407e+03 4.30723e+00
5.45543e+03 4.06612e+00
5.45680e+03 3.85819e+00
5.45816e+03 3.68044e+00
5.45953e+03 3.52195e+00
5.46089e+03 3.38965e+00
5.46226e+03 3.28193e+00
5.46362e+03 3.18633e+00
5.46499e+03 3.11050e+00
5.46636e+03 3.04574e+00
5.46772e+03 2.99831e+00
5.46909e+03 2.96910e+00
5.47046e+03 2.95542e+00
5.47183e+03 2.95000e+00
5.47319e+03 2.95387e+00
5.47456e+03 2.98124e+00
5.47593e+03 3.01793e+00
5.47730e+03 3.06500e+00
5.47867e+03 3.14017e+00
5.48004e+03 3.22315e+00
5.48141e+03 3.33686e+00
5.48278e+03 3.46801e+00
5.48415e+03 3.63113e+00
5.48552e+03 3.82833e+00
5.48689e+03 4.05193e+00
5.48827e+03 4.32844e+00
5.48964e+03 4.64946e+00
5.49101e+03 5.03334e+00
5.49238e+03 5.48801e+00
5.49376e+03 6.02022e+00
5.49513e+03 6.63512e+00
5.49650e+03 7.34731e+00
5.49788e+03 8.13831e+00
5.49925e+03 8.99200e+00
5.50063e+03 9.86571e+00
5.50200e+03 1.06817e+01
5.50338e+03 1.13241e+01
5.50476e+03 1.17261e+01
5.50613e+03 1.18269e+01
5.50751e+03 1.16231e+01
5.50889e+03 1.12179e+01
5.51026e+03 1.06949e+01
5.51164e+03 1.01567e+01
5.51302e+03 9.66483e+00
5.51440e+03 9.30665e+00
5.51578e+03 9.07141e+00
5.51715e+03 8.99464e+00
5.51853e+03 9.07877e+00
5.51991e+03 9.32195e+00
5.52129e+03 9.75474e+00
5.52267e+03 1.03673e+01
5.52406e+03 1.11689e+01
5.52544e+03 1.21794e+01
5.52682e+03 1.33746e+01
5.52820e+03 1.47161e+01
5.52958e+03 1.61456e+01
5.53096e+03 1.75256e+01
5.53235e+03 1.86461e+01
5.53373e+03 1.93405e+01
5.53511e+03 1.94567e+01
5.53650e+03 1.89008e+01
5.53788e+03 1.78407e+01
5.53927e+03 1.63923e+01
5.54065e+03 1.47734e+01
5.54204e+03 1.31475e+01
5.54342e+03 1.16295e+01
5.54481e+03 1.02528e+01
5.54620e+03 9.03711e+00
5.54758e+03 8.00209e+00
5.54897e+03 7.09903e+00
5.55036e+03 6.33139e+00
5.55174e+03 5.67476e+00
5.55313e+03 5.11209e+00
5.55452e+03 4.63311e+00
5.55591e+03 4.21600e+00
5.55730e+03 3.85112e+00
5.55869e+03 3.53842e+00
5.56008e+03 3.26581e+00
5.56147e+03 3.02026e+00
5.56286e+03 2.80106e+00
5.56425e+03 2.61744e+00
5.56564e+03 2.44941e+00
5.56703e+03 2.29667e+00
5.56843e+03 2.16173e+00
5.56982e+03 2.03642e+00
5.57121e+03 1.92529e+00
5.57260e+03 1.82778e+00
5.57400e+03 1.73025e+00
5.57539e+03 1.65049e+00
5.57678e+03 1.57295e+00
5.57818e+03 1.50108e+00
5.57957e+03 1.43707e+00
5.58097e+03 1.38127e+00
5.58236e+03 1.32545e+00
5.58376e+03 1.26962e+00
5.58516e+03 1.22533e+00
5.58655e+03 1.18344e+00
5.58795e+03 1.14153e+00
5.58935e+03 1.09962e+00
5.59074e+03 1.06513e+00
5.59214e+03 1.02717e+00
5.59354e+03 9.99208e-01
5.59494e+03 9.71237e-01
5.59634e+03 9.43259e-01
5.59774e+03 9.15273e-01
5.59914e+03 8.87281e-01
5.60054e+03 8.64641e-01
5.60194e+03 8.41276e-01
5.60334e+03 8.23263e-01
5.60474e+03 8.02621e-01
5.60614e+03 7.78608e-01
5.60754e+03 7.64591e-01
5.60894e+03 7.41140e-01
5.61035e+03 7.26546e-01
5.61175e+03 7.12518e-01
5.61315e+03 6.98487e-01
5.61455e+03 6.84452e-01
5.61596e+03 6.70414e-01
5.61736e+03 6.56373e-01
5.61877e+03 6.42328e-01
5.62017e+03 6.30000e-01
5.62158e+03 6.24227e-01
5.62298e+03 6.10171e-01
5.62439e+03 5.96112e-01
5.62580e+03 5.90000e-01
5.62720e+03 5.77983e-01
5.62861e+03 5.70000e-01
5.63002e+03 5.59840e-01
5.63142e+03 5.50000e-01
5.63283e+03 5.41683e-01
5.63424e+03 5.37599e-01
5.63565e+03 5.30000e-01
5.63706e+03 5.20000e-01
5.63847e+03 5.15326e-01
5.63988e+03 5.10000e-01
5.64129e+03 5.00000e-01
5.64270e+03 4.93022e-01
5.64411e+03 4.88913e-01
5.64552e+03 4.80000e-01
5.64693e+03 4.80000e-01
5.64834e+03 4.70000e-01
5.64976e+03 4.62444e-01
5.65117e+03 4.60000e-01
5.65258e+03 4.54188e-01
5.65399e+03 4.50000e-01
5.65541e+03 4.45918e-01
5.65682e+03 4.40000e-01
5.65824e+03 4.37634e-01
5.65965e+03 4.30000e-01
5.66107e+03 4.30000e-01
5.66248e+03 4.25181e-01
5.66390e+03 4.20000e-01
5.66531e+03 4.20000e-01
5.66673e+03 4.12697e-01
5.66815e+03 4.10000e-01
5.66956e+03 4.10000e-01
5.67098e+03 4.10000e-01
5.67240e+03 4.00000e-01
5.67382e+03 4.00000e-01
5.67524e+03 4.00000e-01
5.67666e+03 4.00000e-01
5.67808e+03 3.90000e-01
5.67949e+03 3.90000e-01
5.68091e+03 3.90000e-01
5.68234e+03 3.90000e-01
5.68376e+03 3.90000e-01
5.68518e+03 3.90000e-01
5.68660e+03 3.90000e-01
5.68802e+03 3.90000e-01
5.68944e+03 3.90000e-01
5.69087e+03 3.90000e-01
5.69229e+03 3.90000e-01
5.69371e+03 3.90000e-01
5.69513e+03 3.90000e-01
5.69656e+03 3.90000e-01
5.69798e+03 3.90000e-01
5.69941e+03 3.94079e-01
5.70083e+03 4.00000e-01
5.70226e+03 4.00000e-01
5.70368e+03 4.06840e-01
5.70511e+03 4.11101e-01
5.70654e+03 4.20000e-01
5.70796e+03 4.29634e-01
5.70939e+03 4.33906e-01
5.71082e+03 4.48181e-01
5.71225e+03 4.52460e-01
5.71367e+03 4.66742e-01
5.71510e+03 4.82056e-01
5.71653e+03 5.05318e-01
5.71796e+03 5.29222e-01
5.71939e+03 5.47815e-01
5.72082e+03 5.84623e-01
5.72225e+03 6.17535e-01
5.72368e+03 6.60457e-01
5.72511e+03 7.14520e-01
5.72654e+03 7.71779e-01
5.72798e+03 8.38814e-01
5.72941e+03 9.14507e-01
5.73084e+03 1.00046e+00
5.73227e+03 1.09643e+00
5.73371e+03 1.18243e+00
5.73514e+03 1.26563e+00
5.73657e+03 1.31724e+00
5.73801e+03 1.34000e+00
5.73944e+03 1.32669e+00
5.74088e+03 1.27485e+00
5.74231e+03 1.20115e+00
5.74375e+03 1.10751e+00
5.74519e+03 1.01698e+00
5.74662e+03 9.22651e-01
5.74806e+03 8.37034e-01
5.74950e+03 7.65174e-01
5.75093e+03 7.02637e-01
5.75237e+03 6.48841e-01
5.75381e+03 6.05692e-01
5.75525e+03 5.65022e-01
5.75669e+03 5.29364e-01
5.75813e+03 4.98728e-01
5.75957e+03 4.78661e-01
5.76101e+03 4.49930e-01
5.76245e+03 4.35526e-01
5.76389e+03 4.21118e-01
5.76533e+03 4.06706e-01
5.76677e+03 3.92291e-01
5.76821e+03 3.80000e-01
5.76966e+03 3.73450e-01
5.77110e+03 3.60000e-01
5.77254e+03 3.54594e-01
5.77398e+03 3.50000e-01
5.77543e+03 3.45724e-01
5.77687e+03 3.40000e-01
5.77832e+03 3.36840e-01
5.77976e+03 3.30000e-01
5.78121e+03 3.27941e-01
5.78265e+03 3.20000e-01
5.78410e+03 3.20000e-01
5.78554e+03 3.20000e-01
5.78699e+03 3.20000e-01
5.78844e+03 3.15631e-01
5.78988e+03 3.10000e-01
5.79133e+03 3.10000e-01
5.79278e+03 3.10000e-01
5.79423e+03 3.10000e-01
5.79568e+03 3.10000e-01
5.79713e+03 3.10000e-01
5.79858e+03 3.10000e-01
5.80003e+03 3.10254e-01
5.80148e+03 3.20000e-01
5.80293e+03 3.20000e-01
5.80438e+03 3.20000e-01
5.80583e+03 3.20000e-01
5.80728e+03 3.30000e-01
5.80873e+03 3.30000e-01
5.81018e+03 3.40000e-01
5.81164e+03 3.46370e-01
5.81309e+03 3.50901e-01
5.81454e+03 3.65436e-01
5.81600e+03 3.79974e-01
5.81745e+03 3.94516e-01
5.81891e+03 4.09061e-01
5.82036e+03 4.27220e-01
5.82182e+03 4.48163e-01
5.82327e+03 4.75438e-01
5.82473e+03 5.04558e-01
5.82618e+03 5.35528e-01
5.82764e+03 5.72820e-01
5.82910e+03 6.01962e-01
5.83056e+03 6.25556e-01
5.83201e+03 6.40134e-01
5.83347e+03 6.45284e-01
5.83493e+03 6.30699e-01
5.83639e+03 6.12219e-01
5.83785e+03 5.83034e-01
5.83931e+03 5.43841e-01
5.84077e+03 5.14641e-01
5.84223e+03 4.85433e-01
5.84369e+03 4.56218e-01
5.84515e+03 4.36996e-01
5.84661e+03 4.13883e-01
5.84807e+03 3.99265e-01
5.84954e+03 3.84643e-01
5.85100e+03 3.70017e-01
5.85246e+03 3.65388e-01
5.85392e+03 3.50755e-01
5.85539e+03 3.50000e-01
5.85685e+03 3.41478e-01
5.85832e+03 3.40000e-01
5.85978e+03 3.32187e-01
5.86125e+03 3.30000e-01
5.86271e+03 3.30000e-01
5.86418e+03 3.30000e-01
5.86564e+03 3.30000e-01
5.86711e+03 3.20000e-01
5.86858e+03 3.20000e-01
5.87004e+03 3.20000e-01
5.87151e+03 3.20000e-01
5.87298e+03 3.20000e-01
5.87445e+03 3.24491e-01
5.87592e+03 3.30000e-01
5.87739e+03 3.30000e-01
5.87886e+03 3.30000e-01
5.88033e+03 3.30000e-01
5.88180e+03 3.30000e-01
5.88327e+03 3.32674e-01
5.88474e+03 3.40000e-01
5.88621e+03 3.40000e-01
5.88768e+03 3.40000e-01
5.88915e+03 3.50000e-01
5.89063e+03 3.50000e-01
5.89210e+03 3.50989e-01
5.89357e+03 3.60000e-01
5.89505e+03 3.60457e-01
5.89652e+03 3.70000e-01
5.89799e+03 3.70000e-01
5.89947e+03 3.80000e-01
5.90094e+03 3.89437e-01
5.90242e+03 3.90000e-01
5.90389e+03 3.98949e-01
5.90537e+03 4.03711e-01
5.90685e+03 4.10000e-01
5.90832e+03 4.23245e-01
5.90980e+03 4.30000e-01
5.91128e+03 4.42794e-01
5.91276e+03 4.50000e-01
5.91424e+03 4.62358e-01
5.91571e+03 4.77145e-01
5.91719e+03 4.91936e-01
5.91867e+03 5.06731e-01
5.92015e+03 5.21530e-01
5.92163e+03 5.42664e-01
5.92311e+03 5.62276e-01
5.92459e+03 5.85948e-01
5.92608e+03 6.11522e-01
5.92756e+03 6.41156e-01
5.92904e+03 6.70797e-01
5.93052e+03 7.05669e-01
5.93201e+03 7.40154e-01
5.93349e+03 7.84649e-01
5.93497e+03 8.38875e-01
5.93646e+03 8.98232e-01
5.93794e+03 9.67005e-01
5.93942e+03 1.04549e+00
5.94091e+03 1.13459e+00
5.94240e+03 1.23767e+00
5.94388e+03 1.35929e+00
5.94537e+03 1.49672e+00
5.94685e+03 1.65391e+00
5.94834e+03 1.82087e+00
5.94983e+03 1.99934e+00
5.95132e+03 2.16471e+00
5.95280e+03 2.32035e+00
5.95429e+03 2.42460e+00
5.95578e+03 2.48342e+00
5.95727e+03 2.48191e+00
5.95876e+03 2.42203e+00
5.96025e+03 2.33505e+00
5.96174e+03 2.23824e+00
5.96323e+03 2.14850e+00
5.96472e+03 2.07395e+00
5.96621e+03 2.02363e+00
5.96770e+03 1.99296e+00
5.96920e+03 2.00196e+00
5.97069e+03 2.03755e+00
5.97218e+03 2.10090e+00
5.97367e+03 2.20399e+00
5.97517e+03 2.33853e+00
5.97666e+03 2.51611e+00
5.97816e+03 2.73665e+00
5.97965e+03 3.00378e+00
5.98115e+03 3.31518e+00
5.98264e+03 3.68052e+00
5.98414e+03 4.08862e+00
5.98563e+03 4.51390e+00
5.98713e+03 4.92268e+00
5.98863e+03 5.26554e+00
5.99013e+03 5.48875e+00
5.99162e+03 5.54377e+00
5.99312e+03 5.43066e+00
5.99462e+03 5.15994e+00
5.99612e+03 4.78691e+00
5.99762e+03 4.36096e+00
5.99912e+03 3.92842e+00
6.00062e+03 3.52959e+00
6.00212e+03 3.17420e+00
6.00362e+03 2.85640e+00
6.00512e+03 2.59094e+00
6.00662e+03 2.36933e+00
6.00812e+03 2.17776e+00
6.00962e+03 2.02754e+00
6.01113e+03 1.90109e+00
6.01263e+03 1.80219e+00
6.01413e+03 1.72466e+00
6.01564e+03 1.67088e+00
6.01714e+03 1.62717e+00
6.01865e+03 1.60354e+00
6.02015e+03 1.60000e+00
6.02166e+03 1.60656e+00
6.02316e+03 1.63323e+00
6.02467e+03 1.67002e+00
6.02617e+03 1.73869e+00
6.02768e+03 1.81403e+00
6.02919e+03 1.91689e+00
6.03070e+03 2.05256e+00
6.03220e+03 2.20436e+00
6.03371e+03 2.39958e+00
6.03522e+03 2.61518e+00
6.03673e+03 2.86391e+00
6.03824e+03 3.13288e+00
6.03975e+03 3.39716e+00
6.04126e+03 3.63356e+00
6.04277e+03 3.79918e+00
6.04428e+03 3.87000e+00
6.04579e+03 3.83046e+00
6.04730e+03 3.69069e+00
6.04881e+03 3.46969e+00
6.05033e+03 3.20117e+00
6.05184e+03 2.92888e+00
6.05335e+03 2.67004e+00
6.05487e+03 2.43006e+00
6.05638e+03 2.22058e+00
6.05789e+03 2.04161e+00
6.05941e+03 1.89318e+00
6.06092e+03 1.76607e+00
6.06244e+03 1.66363e+00
6.06396e+03 1.57268e+00
6.06547e+03 1.50642e+00
6.06699e+03 1.45036e+00
6.06851e+03 1.40990e+00
6.07002e+03 1.37955e+00
6.07154e+03 1.35460e+00
6.07306e+03 1.33942e+00
6.07458e+03 1.33000e+00
6.07610e+03 1.33000e+00
6.07761e+03 1.33615e+00
6.07913e+03 1.35134e+00
6.08065e+03 1.37308e+00
6.08217e+03 1.40349e+00
6.08370e+03 1.43391e+00
6.08522e+03 1.47866e+00
6.08674e+03 1.53214e+00
6.08826e+03 1.59299e+00
6.08978e+03 1.66910e+00
6.09130e+03 1.75828e+00
6.09283e+03 1.85794e+00
6.09435e+03 1.97809e+00
6.09587e+03 2.10874e+00
6.09740e+03 2.27389e+00
6.09892e+03 2.46006e+00
6.10045e+03 2.67727e+00
6.10197e+03 2.93528e+00
6.10350e+03 3.22489e+00
6.10503e+03 3.55587e+00
6.10655e+03 3.91799e+00
6.10808e+03 4.31049e+00
6.10961e+03 4.70756e+00
6.11113e+03 5.07806e+00
6.11266e+03 5.37908e+00
6.11419e+03 5.59709e+00
6.11572e+03 5.69875e+00
6.11725e+03 5.69009e+00
6.11878e+03 5.60559e+00
6.12031e+03 5.48543e+00
6.12184e+03 5.36300e+00
6.12337e+03 5.27159e+00
6.12490e+03 5.21303e+00
6.12643e+03 5.21431e+00
6.12796e+03 5.24887e+00
6.12949e+03 5.33462e+00
6.13103e+03 5.45271e+00
6.13256e+03 5.61721e+00
6.13409e+03 5.83681e+00
6.13563e+03 6.13796e+00
6.13716e+03 6.51836e+00
6.13870e+03 7.00653e+00
6.14023e+03 7.58452e+00
6.14177e+03 8.23695e+00
6.14330e+03 8.92865e+00
6.14484e+03 9.61010e+00
6.14637e+03 1.01996e+01
6.14791e+03 1.06277e+01
6.14945e+03 1.08369e+01
6.15099e+03 1.08404e+01
6.15252e+03 1.06410e+01
6.15406e+03 1.03134e+01
6.15560e+03 9.87390e+00
6.15714e+03 9.35981e+00
6.15868e+03 8.79881e+00
6.16022e+03 8.20687e+00
6.16176e+03 7.63676e+00
6.16330e+03 7.10412e+00
6.16484e+03 6.64462e+00
6.16638e+03 6.26977e+00
6.16792e+03 5.98295e+00
6.16947e+03 5.79806e+00
6.17101e+03 5.68974e+00
6.17255e+03 5.66000e+00
6.17409e+03 5.68285e+00
6.17564e+03 5.73554e+00
6.17718e+03 5.79548e+00
6.17873e+03 5.84181e+00
6.18027e+03 5.84728e+00
6.18182e+03 5.81548e+00
6.18336e+03 5.72096e+00
6.18491e+03 5.57001e+00
6.18646e+03 5.36169e+00
6.18800e+03 5.09960e+00
6.18955e+03 4.81561e+00
6.19110e+03 4.51254e+00
6.19264e+03 4.23391e+00
6.19419e+03 3.98294e+00
6.19574e+03 3.77353e+00
6.19729e+03 3.59088e+00
6.19884e+03 3.45275e+00
6.20039e+03 3.35047e+00
6.20194e+03 3.28236e+00
6.20349e+03 3.24017e+00
6.20504e+03 3.22043e+00
6.20659e+03 3.24188e+00
6.20815e+03 3.28584e+00
6.20970e+03 3.35491e+00
6.21125e+03 3.45006e+00
6.21280e+03 3.58234e+00
6.21436e+03 3.74286e+00
6.21591e+03 3.93842e+00
6.21747e+03 4.17442e+00
6.21902e+03 4.45414e+00
6.22057e+03 4.79217e+00
6.22213e+03 5.18769e+00
6.22369e+03 5.66628e+00
6.22524e+03 6.21673e+00
6.22680e+03 6.87126e+00
6.22836e+03 7.62827e+00
6.22991e+03 8.49925e+00
6.23147e+03 9.48502e+00
6.23303e+03 1.05609e+01
6.23459e+03 1.17200e+01
6.23615e+03 1.28877e+01
6.23770e+03 1.40204e+01
6.23926e+03 1.50792e+01
6.24082e+03 1.60281e+01
6.24238e+03 1.68332e+01
6.24395e+03 1.74410e+01
6.24551e+03 1.77507e+01
6.24707e+03 1.77129e+01
6.24863e+03 1.72153e+01
6.25019e+03 1.63532e+01
6.25176e+03 1.51832e+01
6.25332e+03 1.38761e+01
6.25488e+03 1.25402e+01
6.25645e+03 1.12955e+01
6.25801e+03 1.01734e+01
6.25957e+03 9.21226e+00
6.26114e+03 8.38697e+00
6.26271e+03 7.72483e+00
6.26427e+03 7.18857e+00
6.26584e+03 6.76895e+00
6.26740e+03 6.45126e+00
6.26897e+03 6.22372e+00
6.27054e+03 6.09228e+00
6.27211e+03 6.00680e+00
6.27367e+03 5.97325e+00
6.27524e+03 5.96000e+00
6.27681e+03 5.95187e+00
6.27838e+03 5.91854e+00
6.27995e+03 5.86193e+00
6.28152e+03 5.78391e+00
6.28309e+03 5.70538e+00
6.28466e+03 5.64673e+00
6.28623e+03 5.62470e+00
6.28781e+03 5.66420e+00
6.28938e+03 5.77408e+00
6.29095e+03 5.95366e+00
6.29252e+03 6.22483e+00
6.29410e+03 6.57730e+00
6.29567e+03 7.03808e+00
6.29725e+03 7.59813e+00
6.29882e+03 8.25253e+00
6.30039e+03 9.00342e+00
6.30197e+03 9.80442e+00
6.30355e+03 1.06029e+01
6.30512e+03 1.13287e+01
6.30670e+03 1.19035e+01
6.30828e+03 1.22813e+01
6.30985e+03 1.24497e+01
6.31143e+03 1.24385e+01
6.31301e+03 1.23190e+01
6.31459e+03 1.21120e+01
6.31617e+03 1.18253e+01
6.31774e+03 1.14638e+01
6.31932e+03 1.10095e+01
6.32090e+03 1.04925e+01
6.32248e+03 9.95518e+00
6.32407e+03 9.45033e+00
6.32565e+03 9.00830e+00
6.32723e+03 8.67117e+00
6.32881e+03 8.43465e+00
6.33039e+03 8.29643e+00
6.33198e+03 8.22098e+00
6.33356e+03 8.18324e+00
6.33514e+03 8.12003e+00
6.33673e+03 7.98736e+00
6.33831e+03 7.76717e+00
6.33990e+03 7.46194e+00
6.34148e+03 7.09463e+00
6.34307e+03 6.71476e+00
6.34465e+03 6.35651e+00
6.34624e+03 6.03944e+00
6.34783e+03 5.78620e+00
6.34941e+03 5.60288e+00
6.35100e+03 5.49000e+00
6.35259e+03 5.44412e+00
6.35418e+03 5.46882e+00
6.35577e+03 5.57121e+00
6.35735e+03 5.74959e+00
6.35894e+03 5.99100e+00
6.36053e+03 6.31208e+00
6.36212e+03 6.69225e+00
6.36371e+03 7.11299e+00
6.36531e+03 7.55259e+00
6.36690e+03 7.97333e+00
6.36849e+03 8.32787e+00
6.37008e+03 8.60062e+00
6.37167e+03 8.78744e+00
6.37327e+03 8.93140e+00
6.37486e+03 9.05888e+00
6.37645e+03 9.22459e+00
6.37805e+03 9.44788e+00
6.37964e+03 9.72235e+00
6.38124e+03 1.00130e+01
6.38283e+03 1.02752e+01
6.38443e+03 1.04358e+01
6.38603e+03 1.04684e+01
6.38762e+03 1.03352e+01
6.38922e+03 1.01003e+01
6.39082e+03 9.80456e+00
6.39242e+03 9.53344e+00
6.39401e+03 9.31871e+00
6.39561e+03 9.20548e+00
6.39721e+03 9.18848e+00
6.39881e+03 9.27681e+00
6.40041e+03 9.45350e+00
6.40201e+03 9.67189e+00
6.40361e+03 9.92800e+00
6.40521e+03 1.01863e+01
6.40682e+03 1.04586e+01
6.40842e+03 1.07309e+01
6.41002e+03 1.10137e+01
6.41162e+03 1.13182e+01
6.41323e+03 1.16105e+01
6.41483e+03 1.18826e+01
6.41643e+03 1.20976e+01
6.41804e+03 1.22422e+01
6.41964e+03 1.23321e+01
6.42125e+03 1.24148e+01
6.42285e+03 1.25367e+01
6.42446e+03 1.27433e+01
6.42606e+03 1.30548e+01
6.42767e+03 1.34445e+01
6.42928e+03 1.38596e+01
6.43089e+03 1.42437e+01
6.43249e+03 1.45092e+01
6.43410e+03 1.46431e+01
6.43571e+03 1.46558e+01
6.43732e+03 1.46104e+01
6.43893e+03 1.45621e+01
6.44054e+03 1.45816e+01
6.44215e+03 1.46880e+01
6.44376e+03 1.49269e+01
6.44537e+03 1.52940e+01
6.44698e+03 1.58141e+01
6.44860e+03 1.64778e+01
6.45021e+03 1.72316e+01
6.45182e+03 1.80055e+01
6.45343e+03 1.86343e+01
6.45505e+03 1.89905e+01
6.45666e+03 1.88943e+01
6.45828e+03 1.83524e+01
6.45989e+03 1.74204e+01
6.46151e+03 1.62159e+01
6.46312e+03 1.49134e+01
6.46474e+03 1.36427e+01
6.46635e+03 1.24869e+01
6.46797e+03 1.14781e+01
6.46959e+03 1.06541e+01
6.47120e+03 1.00004e+01
6.47282e+03 9.51610e+00
6.47444e+03 9.19383e+00
6.47606e+03 9.01760e+00
6.47768e+03 8.99358e+00
6.47930e+03 9.10884e+00
6.48092e+03 9.35619e+00
6.48254e+03 9.74559e+00
6.48416e+03 1.02444e+01
6.48578e+03 1.08191e+01
6.48740e+03 1.14191e+01
6.48903e+03 1.19878e+01
6.49065e+03 1.24519e+01
6.49227e+03 1.27651e+01
6.49389e+03 1.29315e+01
6.49552e+03 1.29445e+01
6.49714e+03 1.28545e+01
6.49877e+03 1.26528e+01
6.50039e+03 1.23440e+01
6.50202e+03 1.19557e+01
6.50364e+03 1.15039e+01
6.50527e+03 1.10250e+01
6.50689e+03 1.05785e+01
6.50852e+03 1.02105e+01
6.51015e+03 9.89622e+00
6.51178e+03 9.64354e+00
6.51340e+03 9.40528e+00
6.51503e+03 9.11272e+00
6.51666e+03 8.73449e+00
6.51829e+03 8.26675e+00
6.51992e+03 7.71758e+00
6.52155e+03 7.12150e+00
6.52318e+03 6.52631e+00
6.52481e+03 5.97172e+00
6.52644e+03 5.46113e+00
6.52808e+03 5.01095e+00
6.52971e+03 4.62415e+00
6.53134e+03 4.28861e+00
6.53297e+03 4.00441e+00
6.53461e+03 3.76495e+00
6.53624e+03 3.56345e+00
6.53788e+03 3.39244e+00
6.53951e+03 3.25917e+00
6.54115e+03 3.14128e+00
6.54278e+03 3.05096e+00
6.54442e+03 2.98333e+00
6.54605e+03 2.92841e+00
6.54769e+03 2.89310e+00
6.54933e+03 2.87000e+00
6.55096e+03 2.87000e+00
6.55260e+03 2.88205e+00
6.55424e+03 2.90722e+00
6.55588e+03 2.95639e+00
6.55752e+03 3.01075e+00
6.55916e+03 3.08950e+00
6.56080e+03 3.18790e+00
6.56244e+03 3.30510e+00
6.56408e+03 3.44795e+00
6.56572e+03 3.61928e+00
6.56736e+03 3.81711e+00
6.56900e+03 4.05071e+00
6.57065e+03 4.32644e+00
6.57229e+03 4.64375e+00
6.57393e+03 5.02393e+00
6.57558e+03 5.46725e+00
6.57722e+03 5.97729e+00
6.57887e+03 6.58748e+00
6.58051e+03 7.31492e+00
6.58216e+03 8.16024e+00
6.58380e+03 9.15484e+00
6.58545e+03 1.03201e+01
6.58709e+03 1.16547e+01
6.58874e+03 1.31814e+01
6.59039e+03 1.48478e+01
6.59204e+03 1.65777e+01
6.59368e+03 1.82439e+01
6.59533e+03 1.96532e+01
6.59698e+03 2.06111e+01
6.59863e+03 2.08963e+01
6.60028e+03 2.05305e+01
6.60193e+03 1.96037e+01
6.60358e+03 1.82833e+01
6.60523e+03 1.68199e+01
6.60689e+03 1.53600e+01
6.60854e+03 1.40627e+01
6.61019e+03 1.29502e+01
6.61184e+03 1.20590e+01
6.61350e+03 1.14016e+01
6.61515e+03 1.09288e+01
6.61680e+03 1.06135e+01
6.61846e+03 1.04043e+01
6.62011e+03 1.02277e+01
6.62177e+03 1.00226e+01
6.62342e+03 9.72119e+00
6.62508e+03 9.31710e+00
6.62674e+03 8.82202e+00
6.62839e+03 8.28446e+00
6.63005e+03 7.75511e+00
6.63171e+03 7.27194e+00
6.63337e+03 6.86960e+00
6.63502e+03 6.54640e+00
6.63668e+03 6.31121e+00
6.63834e+03 6.13919e+00
6.64000e+03 5.99983e+00
6.64166e+03 5.86701e+00
6.64332e+03 5.69801e+00
6.64498e+03 5.46240e+00
6.64665e+03 5.16090e+00
6.64831e+03 4.80931e+00
6.64997e+03 4.42698e+00
6.65163e+03 4.04456e+00
6.65330e+03 3.67796e+00
6.65496e+03 3.33820e+00
6.65662e+03 3.03410e+00
6.65829e+03 2.76691e+00
6.65995e+03 2.53623e+00
6.66162e+03 2.33210e+00
6.66328e+03 2.15171e+00
6.66495e+03 1.99460e+00
6.66662e+03 1.85692e+00
6.66828e+03 1.73024e+00
6.66995e+03 1.62303e+00
6.67162e+03 1.52914e+00
6.67329e+03 1.43859e+00
6.67495e+03 1.36231e+00
6.67662e+03 1.29509e+00
6.67829e+03 1.22831e+00
6.67996e+03 1.17114e+00
6.68163e+03 1.11471e+00
6.68330e+03 1.07092e+00
6.68497e+03 1.02079e+00
6.68665e+03 9.80643e-01
6.68832e+03 9.43658e-01
6.68999e+03 9.10212e-01
6.69166e+03 8.73379e-01
6.69334e+03 8.43296e-01
6.69501e+03 8.09912e-01
6.69668e+03 7.86345e-01
6.69836e+03 7.56429e-01
6.70003e+03 7.39362e-01
6.70171e+03 7.12929e-01
6.70338e+03 6.92345e-01
6.70506e+03 6.69412e-01
6.70674e+03 6.52647e-01
6.70841e+03 6.35878e-01
6.71009e+03 6.19105e-01
6.71177e+03 6.02328e-01
6.71345e+03 5.85546e-01
6.71512e+03 5.68760e-01
6.71680e+03 5.60000e-01
6.71848e+03 5.45176e-01
6.72016e+03 5.30000e-01
6.72184e+03 5.21576e-01
6.72352e+03 5.04769e-01
6.72520e+03 4.97958e-01
6.72689e+03 4.90000e-01
6.72857e+03 4.74324e-01
6.73025e+03 4.67500e-01
6.73193e+03 4.60000e-01
6.73362e+03 4.50000e-01
6.73530e+03 4.40000e-01
6.73698e+03 4.30164e-01
6.73867e+03 4.23319e-01
6.74035e+03 4.16471e-01
6.74204e+03 4.09618e-01
6.74372e+03 4.00000e-01
6.74541e+03 3.95899e-01
6.74710e+03 3.90000e-01
6.74878e+03 3.82163e-01
6.75047e+03 3.75289e-01
6.75216e+03 3.70000e-01
6.75385e+03 3.61529e-01
6.75554e+03 3.60000e-01
6.75722e+03 3.50000e-01
6.75891e+03 3.50000e-01
6.76060e+03 3.43956e-01
6.76229e+03 3.40000e-01
6.76399e+03 3.30145e-01
6.76568e+03 3.30000e-01
6.76737e+03 3.26317e-01
6.76906e+03 3.20000e-01
6.77075e+03 3.20000e-01
6.77245e+03 3.10000e-01
6.77414e+03 3.10000e-01
6.77583e+03 3.10000e-01
6.77753e+03 3.00000e-01
6.77922e+03 3.00000e-01
6.78092e+03 3.00000e-01
6.78261e+03 2.90000e-01
6.78431e+03 2.90000e-01
6.78600e+03 2.89958e-01
6.78770e+03 2.80000e-01
6.78940e+03 2.80000e-01
6.79110e+03 2.80000e-01
6.79279e+03 2.72064e-01
6.79449e+03 2.70000e-01
6.79619e+03 2.70000e-01
6.79789e+03 2.70000e-01
6.79959e+03 2.64102e-01
6.80129e+03 2.60000e-01
6.80299e+03 2.60000e-01
6.80469e+03 2.60000e-01
6.80639e+03 2.60000e-01
6.80809e+03 2.59054e-01
6.80980e+03 2.50000e-01
6.81150e+03 2.50000e-01
6.81320e+03 2.50000e-01
6.81491e+03 2.50000e-01
6.81661e+03 2.50000e-01
6.81831e+03 2.46856e-01
6.82002e+03 2.40000e-01
6.82172e+03 2.40000e-01
6.82343e+03 2.40000e-01
6.82514e+03 2.40000e-01
6.82684e+03 2.40000e-01
6.82855e+03 2.40000e-01
6.83026e+03 2.40000e-01
6.83196e+03 2.30353e-01
6.83367e+03 2.30000e-01
6.83538e+03 2.30000e-01
6.83709e+03 2.30000e-01
6.83880e+03 2.30000e-01
6.84051e+03 2.30000e-01
6.84222e+03 2.30000e-01
6.84393e+03 2.30000e-01
6.84564e+03 2.30000e-01
6.84735e+03 2.30000e-01
6.84907e+03 2.30000e-01
6.85078e+03 2.30000e-01
6.85249e+03 2.30000e-01
6.85420e+03 2.30000e-01
6.85592e+03 2.30000e-01
6.85763e+03 2.30000e-01
6.85935e+03 2.30000e-01
6.86106e+03 2.30000e-01
6.86278e+03 2.30000e-01
6.86449e+03 2.30000e-01
6.86621e+03 2.30000e-01
6.86793e+03 2.30000e-01
6.86964e+03 2.30000e-01
6.87136e+03 2.30000e-01
6.87308e+03 2.30000e-01
6.87480e+03 2.30000e-01
6.87652e+03 2.30000e-01
6.87824e+03 2.30000e-01
6.87996e+03 2.30000e-01
6.88168e+03 2.30000e-01
6.88340e+03 2.30000e-01
6.88512e+03 2.30000e-01
6.88684e+03 2.38396e-01
6.88856e+03 2.40000e-01
6.89028e+03 2.40000e-01
6.89201e+03 2.40000e-01
6.89373e+03 2.40000e-01
6.89545e+03 2.40000e-01
6.89718e+03 2.50000e-01
6.89890e+03 2.50000e-01
6.90063e+03 2.50000e-01
6.90235e+03 2.50000e-01
6.90408e+03 2.50783e-01
6.90580e+03 2.60000e-01
6.90753e+03 2.60000e-01
6.90926e+03 2.62583e-01
6.91099e+03 2.70000e-01
6.91271e+03 2.70000e-01
6.91444e+03 2.74421e-01
6.91617e+03 2.80000e-01
6.91790e+03 2.80000e-01
6.91963e+03 2.90000e-01
6.92136e+03 2.93600e-01
6.92309e+03 3.00000e-01
6.92482e+03 3.08216e-01
6.92655e+03 3.10000e-01
6.92828e+03 3.20000e-01
6.93002e+03 3.30000e-01
6.93175e+03 3.30000e-01
6.93348e+03 3.40000e-01
6.93522e+03 3.50000e-01
6.93695e+03 3.59506e-01
6.93869e+03 3.70000e-01
6.94042e+03 3.84200e-01
6.94216e+03 3.91553e-01
6.94389e+03 4.08911e-01
6.94563e+03 4.26272e-01
6.94736e+03 4.40000e-01
6.94910e+03 4.52019e-01
6.95084e+03 4.78384e-01
6.95258e+03 4.95763e-01
6.95431e+03 5.16294e-01
6.95605e+03 5.41070e-01
6.95779e+03 5.75855e-01
6.95953e+03 6.05324e-01
6.96127e+03 6.38175e-01
6.96301e+03 6.80391e-01
6.96475e+03 7.25080e-01
6.96650e+03 7.74863e-01
6.96824e+03 8.37118e-01
6.96998e+03 8.99181e-01
6.97172e+03 9.76112e-01
6.97347e+03 1.06327e+00
6.97521e+03 1.16463e+00
6.97695e+03 1.27718e+00
6.97870e+03 1.41580e+00
6.98044e+03 1.57423e+00
6.98219e+03 1.75064e+00
6.98393e+03 1.95201e+00
6.98568e+03 2.17835e+00
6.98743e+03 2.40968e+00
6.98917e+03 2.65254e+00
6.99092e+03 2.87050e+00
6.99267e+03 3.05688e+00
6.99442e+03 3.21338e+00
6.99617e+03 3.32996e+00
6.99792e+03 3.42576e+00
6.99966e+03 3.51325e+00
7.00142e+03 3.60076e+00
7.00317e+03 3.68828e+00
7.00492e+03 3.76667e+00
7.00667e+03 3.80668e+00
7.00842e+03 3.78740e+00
7.01017e+03 3.69621e+00
7.01193e+03 3.52824e+00
7.01368e+03 3.32182e+00
7.01543e+03 3.08384e+00
7.01719e+03 2.85581e+00
7.01894e+03 2.64654e+00
7.02070e+03 2.46740e+00
7.02245e+03 2.32393e+00
7.02421e+03 2.21966e+00
7.02596e+03 2.14148e+00
7.02772e+03 2.10561e+00
7.02948e+03 2.10000e+00
7.03123e+03 2.12703e+00
7.03299e+03 2.18970e+00
7.03475e+03 2.28506e+00
7.03651e+03 2.41589e+00
7.03827e+03 2.59230e+00
7.04003e+03 2.81435e+00
7.04179e+03 3.08628e+00
7.04355e+03 3.40448e+00
7.04531e+03 3.76531e+00
7.04707e+03 4.15669e+00
7.04883e+03 4.55360e+00
7.05060e+03 4.90745e+00
7.05236e+03 5.17318e+00
7.05412e+03 5.31123e+00
7.05589e+03 5.28452e+00
7.05765e+03 5.11536e+00
7.05942e+03 4.83517e+00
7.06118e+03 4.49384e+00
7.06295e+03 4.15020e+00
7.06471e+03 3.82891e+00
7.06648e+03 3.55777e+00
7.06825e+03 3.34545e+00
7.07001e+03 3.17923e+00
7.07178e+03 3.08097e+00
7.07355e+03 3.01354e+00
7.07532e+03 2.97365e+00
7.07709e+03 2.93827e+00
7.07886e+03 2.88577e+00
7.08063e+03 2.80245e+00
7.08240e+03 2.66831e+00
7.08417e+03 2.50163e+00
7.08594e+03 2.30680e+00
7.08771e+03 2.10191e+00
7.08948e+03 1.90179e+00
7.09125e+03 1.71453e+00
7.09303e+03 1.54778e+00
7.09480e+03 1.40591e+00
7.09658e+03 1.27974e+00
7.09835e+03 1.16903e+00
7.10012e+03 1.07379e+00
7.10190e+03 9.94019e-01
7.10368e+03 9.19743e-01
7.10545e+03 8.56459e-01
7.10723e+03 8.03161e-01
7.10900e+03 7.59850e-01
7.11078e+03 7.14351e-01
7.11256e+03 6.78792e-01
7.11434e+03 6.43225e-01
7.11612e+03 6.17649e-01
7.11790e+03 5.91032e-01
7.11968e+03 5.73235e-01
7.12146e+03 5.45434e-01
7.12324e+03 5.27628e-01
7.12502e+03 5.19817e-01
7.12680e+03 5.02003e-01
7.12858e+03 4.90000e-01
7.13036e+03 4.80000e-01
7.13215e+03 4.70000e-01
7.13393e+03 4.60699e-01
7.13571e+03 4.52862e-01
7.13750e+03 4.50000e-01
7.13928e+03 4.40000e-01
7.14107e+03 4.40000e-01
7.14285e+03 4.40000e-01
7.14464e+03 4.33610e-01
7.14643e+03 4.30000e-01
7.14821e+03 4.30000e-01
7.15000e+03 4.30000e-01
7.15179e+03 4.37872e-01
7.15358e+03 4.40000e-01
7.15536e+03 4.40000e-01
7.15715e+03 4.41531e-01
7.15894e+03 4.50000e-01
7.16073e+03 4.57326e-01
7.16252e+03 4.65230e-01
7.16431e+03 4.73138e-01
7.16611e+03 4.81051e-01
7.16790e+03 4.90000e-01
7.16969e+03 5.06891e-01
7.17148e+03 5.20000e-01
7.17327e+03 5.32748e-01
7.17507e+03 5.50684e-01
7.17686e+03 5.68623e-01
7.17866e+03 5.96568e-01
7.18045e+03 6.19034e-01
7.18225e+03 6.52470e-01
7.18404e+03 6.80856e-01
7.18584e+03 7.16781e-01
7.18764e+03 7.59072e-01
7.18943e+03 8.02986e-01
7.19123e+03 8.56913e-01
7.19303e+03 9.21139e-01
7.19483e+03 9.93078e-01
7.19663e+03 1.07129e+00
7.19843e+03 1.16552e+00
7.20023e+03 1.27351e+00
7.20203e+03 1.40178e+00
7.20383e+03 1.54435e+00
7.20563e+03 1.71900e+00
7.20743e+03 1.92147e+00
7.20923e+03 2.15465e+00
7.21103e+03 2.42570e+00
7.21284e+03 2.74057e+00
7.21464e+03 3.09439e+00
7.21644e+03 3.47321e+00
7.21825e+03 3.85212e+00
7.22005e+03 4.20900e+00
7.22186e+03 4.49015e+00
7.22366e+03 4.63983e+00
7.22547e+03 4.64120e+00
7.22728e+03 4.49680e+00
7.22908e+03 4.23494e+00
7.23089e+03 3.89177e+00
7.23270e+03 3.52319e+00
7.23451e+03 3.16357e+00
7.23632e+03 2.83622e+00
7.23813e+03 2.54241e+00
7.23994e+03 2.28904e+00
7.24175e+03 2.07798e+00
7.24356e+03 1.89993e+00
7.24537e+03 1.75428e+00
7.24718e+03 1.63926e+00
7.24899e+03 1.54045e+00
7.25080e+03 1.45786e+00
7.25262e+03 1.40151e+00
7.25443e+03 1.35140e+00
7.25624e+03 1.31756e+00
7.25806e+03 1.29942e+00
7.25987e+03 1.28127e+00
7.26169e+03 1.28000e+00
7.26350e+03 1.29503e+00
7.26532e+03 1.31320e+00
7.26714e+03 1.34272e+00
7.26895e+03 1.37906e+00
7.27077e+03 1.43312e+00
7.27259e+03 1.49354e+00
7.27441e+03 1.57035e+00
7.27623e+03 1.66355e+00
7.27805e+03 1.77270e+00
7.27986e+03 1.89918e+00
7.28168e+03 2.04480e+00
7.28351e+03 2.22056e+00
7.28533e+03 2.42248e+00
7.28715e+03 2.66224e+00
7.28897e+03 2.94525e+00
7.29079e+03 3.28063e+00
7.29262e+03 3.67161e+00
7.29444e+03 4.12855e+00
7.29626e+03 4.65151e+00
7.29809e+03 5.24140e+00
7.29991e+03 5.90743e+00
7.30174e+03 6.60750e+00
7.30356e+03 7.30388e+00
7.30539e+03 7.96224e+00
7.30722e+03 8.52604e+00
7.30904e+03 8.95766e+00
7.31087e+03 9.26051e+00
7.31270e+03 9.45282e+00
7.31453e+03 9.56106e+00
7.31636e+03 9.59645e+00
7.31818e+03 9.52154e+00
7.32001e+03 9.29727e+00
7.32184e+03 8.89885e+00
7.32368e+03 8.32041e+00
7.32551e+03 7.62743e+00
7.32734e+03 6.87141e+00
7.32917e+03 6.12196e+00
7.33100e+03 5.40906e+00
7.33284e+03 4.76590e+00
7.33467e+03 4.19598e+00
7.33650e+03 3.70427e+00
7.33834e+03 3.27917e+00
7.34017e+03 2.91902e+00
7.34201e+03 2.59889e+00
7.34384e+03 2.34040e+00
7.34568e+03 2.10849e+00
7.34752e+03 1.90841e+00
7.34935e+03 1.73823e+00
7.35119e+03 1.58475e+00
7.35303e+03 1.44828e+00
7.35487e+03 1.33797e+00
7.35671e+03 1.23470e+00
7.35855e+03 1.14273e+00
7.36039e+03 1.06459e+00
7.36223e+03 9.90973e-01
7.36407e+03 9.27342e-01
7.36591e+03 8.62769e-01
7.36775e+03 8.15012e-01
7.36959e+03 7.68168e-01
7.37143e+03 7.21316e-01
7.37328e+03 6.84454e-01
7.37512e+03 6.47583e-01
7.37696e+03 6.10703e-01
7.37881e+03 5.81907e-01
7.38065e+03 5.53457e-01
7.38250e+03 5.25003e-01
7.38435e+03 5.03090e-01
7.38619e+03 4.78082e-01
7.38804e+03 4.59614e-01
7.38989e+03 4.41141e-01
7.39173e+03 4.22664e-01
7.39358e+03 4.04183e-01
7.39543e+03 3.85697e-01
7.39728e+03 3.77206e-01
7.39913e+03 3.58710e-01
7.40098e+03 3.50000e-01
7.40283e+03 3.31705e-01
7.40468e+03 3.23196e-01
7.40653e+03 3.14682e-01
7.40838e+03 3.06163e-01
7.41024e+03 2.90000e-01
7.41209e+03 2.80000e-01
7.41394e+03 2.80000e-01
7.41580e+03 2.70000e-01
7.41765e+03 2.60000e-01
7.41950e+03 2.50000e-01
7.42136e+03 2.46403e-01
7.42322e+03 2.40000e-01
7.42507e+03 2.30000e-01
7.42693e+03 2.30000e-01
7.42878e+03 2.20000e-01
7.43064e+03 2.13578e-01
7.43250e+03 2.10000e-01
7.43436e+03 2.00000e-01
7.43622e+03 2.00000e-01
7.43808e+03 1.90000e-01
7.43994e+03 1.90000e-01
7.44180e+03 1.82035e-01
7.44366e+03 1.80000e-01
7.44552e+03 1.80000e-01
7.44738e+03 1.70000e-01
7.44924e+03 1.70000e-01
7.45110e+03 1.68954e-01
7.45297e+03 1.60000e-01
7.45483e+03 1.60000e-01
7.45670e+03 1.60000e-01
7.45856e+03 1.50000e-01
7.46042e+03 1.50000e-01
7.46229e+03 1.50000e-01
7.46416e+03 1.40000e-01
7.46602e+03 1.40000e-01
7.46789e+03 1.40000e-01
7.46976e+03 1.40000e-01
7.47162e+03 1.33767e-01
7.47349e+03 1.30000e-01
7.47536e+03 1.30000e-01
7.47723e+03 1.30000e-01
7.47910e+03 1.29013e-01
7.48097e+03 1.20000e-01
7.48284e+03 1.20000e-01
7.48471e+03 1.20000e-01
7.48658e+03 1.20000e-01
7.48845e+03 1.20000e-01
7.49033e+03 1.10000e-01
7.49220e+03 1.10000e-01
7.49407e+03 1.10000e-01
7.49595e+03 1.10000e-01
7.49782e+03 1.10000e-01
7.49969e+03 1.10000e-01
7.50157e+03 1.04303e-01
7.50345e+03 1.00000e-01
7.50532e+03 1.00000e-01
7.50720e+03 1.00000e-01
7.50907e+03 1.00000e-01
7.51095e+03 1.00000e-01
7.51283e+03 1.00000e-01
7.51471e+03 1.00000e-01
7.51659e+03 9.00000e-02
7.51847e+03 9.00000e-02
7.52035e+03 9.00000e-02
7.52223e+03 9.00000e-02
7.52411e+03 9.00000e-02
7.52599e+03 9.00000e-02
7.52787e+03 9.00000e-02
7.52975e+03 9.00000e-02
7.53164e+03 9.00000e-02
7.53352e+03 8.00000e-02
7.53540e+03 0.00000e+00
7.53729e+03 0.00000e+00
7.53917e+03 0.00000e+00
7.54106e+03 0.00000e+00
7.54294e+03 0.00000e+00
7.54483e+03 0.00000e+00
7.54671e+03 0.00000e+00
7.54860e+03 0.00000e+00
7.55049e+03 0.00000e+00
7.55238e+03 0.00000e+00
7.55426e+03 0.00000e+00
7.55615e+03 0.00000e+00
7.55804e+03 0.00000e+00
7.55993e+03 0.00000e+00
7.56182e+03 0.00000e+00
7.56371e+03 0.00000e+00
7.56560e+03 0.00000e+00
7.56750e+03 0.00000e+00
7.56939e+03 0.00000e+00
7.57128e+03 0.00000e+00
7.57317e+03 0.00000e+00
7.57507e+03 0.00000e+00
7.57696e+03 0.00000e+00
7.57886e+03 0.00000e+00
7.58075e+03 0.00000e+00
7.58265e+03 0.00000e+00
7.58454e+03 0.00000e+00
7.58644e+03 0.00000e+00
7.58834e+03 0.00000e+00
7.59023e+03 0.00000e+00
7.59213e+03 0.00000e+00
7.59403e+03 0.00000e+00
7.59593e+03 0.00000e+00
7.59783e+03 0.00000e+00
7.59973e+03 0.00000e+00
7.60163e+03 0.00000e+00
7.60353e+03 0.00000e+00
7.60543e+03 0.00000e+00
7.60733e+03 0.00000e+00
7.60923e+03 0.00000e+00
7.61113e+03 0.00000e+00
7.61304e+03 0.00000e+00
7.61494e+03 0.00000e+00
7.61685e+03 0.00000e+00
7.61875e+03 0.00000e+00
7.62065e+03 0.00000e+00
7.62256e+03 0.00000e+00
7.62447e+03 0.00000e+00
7.62637e+03 0.00000e+00
7.62828e+03 0.00000e+00
7.63019e+03 0.00000e+00
7.63209e+03 0.00000e+00
7.63400e+03 0.00000e+00
7.63591e+03 0.00000e+00
7.63782e+03 0.00000e+00
7.63973e+03 0.00000e+00
7.64164e+03 0.00000e+00
7.64355e+03 0.00000e+00
7.64546e+03 0.00000e+00
7.64737e+03 0.00000e+00
7.64929e+03 0.00000e+00
7.65120e+03 0.00000e+00
7.65311e+03 0.00000e+00
7.65502e+03 0.00000e+00
7.65694e+03 0.00000e+00
7.65885e+03 0.00000e+00
7.66077e+03 0.00000e+00
7.66268e+03 0.00000e+00
7.66460e+03 0.00000e+00
7.66652e+03 0.00000e+00
7.66843e+03 0.00000e+00
7.67035e+03 0.00000e+00
7.67227e+03 0.00000e+00
7.67419e+03 0.00000e+00
7.67611e+03 0.00000e+00
7.67802e+03 0.00000e+00
7.67994e+03 0.00000e+00
7.68186e+03 0.00000e+00
7.68379e+03 0.00000e+00
7.68571e+03 0.00000e+00
7.68763e+03 0.00000e+00
7.68955e+03 0.00000e+00
7.69147e+03 0.00000e+00
7.69340e+03 0.00000e+00
7.69532e+03 0.00000e+00
7.69724e+03 0.00000e+00
7.69917e+03 0.00000e+00
7.70109e+03 0.00000e+00
7.70302e+03 0.00000e+00
7.70494e+03 0.00000e+00
7.70687e+03 0.00000e+00
7.70880e+03 0.00000e+00
7.71073e+03 0.00000e+00
7.71265e+03 0.00000e+00
7.71458e+03 0.00000e+00
7.71651e+03 0.00000e+00
7.71844e+03 0.00000e+00
7.72037e+03 0.00000e+00
7.72230e+03 0.00000e+00
7.72423e+03 0.00000e+00
7.72616e+03 0.00000e+00
7.72809e+03 0.00000e+00
7.73003e+03 0.00000e+00
7.73196e+03 0.00000e+00
7.73389e+03 0.00000e+00
7.73583e+03 0.00000e+00
7.73776e+03 0.00000e+00
7.73970e+03 0.00000e+00
7.74163e+03 0.00000e+00
7.74357e+03 0.00000e+00
7.74550e+03 0.00000e+00
7.74744e+03 0.00000e+00
7.74938e+03 0.00000e+00
7.75131e+03 0.00000e+00
7.75325e+03 0.00000e+00
7.75519e+03 0.00000e+00
7.75713e+03 0.00000e+00
7.75907e+03 0.00000e+00
7.76101e+03 0.00000e+00
7.76295e+03 0.00000e+00
7.76489e+03 0.00000e+00
7.76683e+03 0.00000e+00
7.76877e+03 0.00000e+00
7.77072e+03 0.00000e+00
7.77266e+03 0.00000e+00
7.77460e+03 0.00000e+00
7.77655e+03 0.00000e+00
7.77849e+03 0.00000e+00
7.78044e+03 0.00000e+00
7.78238e+03 0.00000e+00
7.78433e+03 0.00000e+00
7.78627e+03 0.00000e+00
7.78822e+03 0.00000e+00
7.79017e+03 0.00000e+00
7.79211e+03 0.00000e+00
7.79406e+03 0.00000e+00
7.79601e+03 0.00000e+00
7.79796e+03 0.00000e+00
7.79991e+03 0.00000e+00
7.80186e+03 0.00000e+00
7.80381e+03 0.00000e+00
7.80576e+03 0.00000e+00
7.80771e+03 0.00000e+00
7.80967e+03 0.00000e+00
7.81162e+03 0.00000e+00
7.81357e+03 0.00000e+00
7.81553e+03 0.00000e+00
7.81748e+03 0.00000e+00
7.81943e+03 0.00000e+00
7.82139e+03 0.00000e+00
7.82335e+03 0.00000e+00
7.82530e+03 0.00000e+00
7.82726e+03 0.00000e+00
7.82922e+03 0.00000e+00
7.83117e+03 0.00000e+00
7.83313e+03 0.00000e+00
7.83509e+03 0.00000e+00
7.83705e+03 0.00000e+00
7.83901e+03 0.00000e+00
7.84097e+03 0.00000e+00
7.84293e+03 0.00000e+00
7.84489e+03 0.00000e+00
7.84685e+03 0.00000e+00
7.84881e+03 0.00000e+00
7.85078e+03 0.00000e+00
7.85274e+03 0.00000e+00
7.85470e+03 0.00000e+00
7.85667e+03 0.00000e+00
7.85863e+03 0.00000e+00
7.86059e+03 0.00000e+00
7.86256e+03 0.00000e+00
7.86453e+03 0.00000e+00
7.86649e+03 0.00000e+00
7.86846e+03 0.00000e+00
7.87043e+03 0.00000e+00
7.87239e+03 0.00000e+00
7.87436e+03 0.00000e+00
7.87633e+03 0.00000e+00
7.87830e+03 0.00000e+00
7.88027e+03 0.00000e+00
7.88224e+03 0.00000e+00
7.88421e+03 0.00000e+00
7.88618e+03 0.00000e+00
7.88816e+03 0.00000e+00
7.89013e+03 0.00000e+00
7.89210e+03 0.00000e+00
7.89407e+03 0.00000e+00
7.89605e+03 0.00000e+00
7.89802e+03 0.00000e+00
7.90000e+03 0.00000e+00
7.90197e+03 0.00000e+00
7.90395e+03 0.00000e+00
7.90592e+03 0.00000e+00
7.90790e+03 0.00000e+00
7.90988e+03 0.00000e+00
7.91186e+03 0.00000e+00
7.91383e+03 0.00000e+00
7.91581e+03 0.00000e+00
7.91779e+03 0.00000e+00
7.91977e+03 0.00000e+00
7.92175e+03 0.00000e+00
7.92373e+03 0.00000e+00
7.92571e+03 0.00000e+00
7.92769e+03 0.00000e+00
7.92968e+03 0.00000e+00
7.93166e+03 0.00000e+00
7.93364e+03 0.00000e+00
7.93563e+03 0.00000e+00
7.93761e+03 0.00000e+00
7.93960e+03 0.00000e+00
7.94158e+03 0.00000e+00
7.94357e+03 0.00000e+00
7.94555e+03 0.00000e+00
7.94754e+03 0.00000e+00
7.94953e+03 0.00000e+00
7.95151e+03 0.00000e+00
7.95350e+03 0.00000e+00
7.95549e+03 0.00000e+00
7.95748e+03 0.00000e+00
7.95947e+03 0.00000e+00
7.96146e+03 0.00000e+00
7.96345e+03 0.00000e+00
7.96544e+03 0.00000e+00
7.96743e+03 0.00000e+00
7.96942e+03 0.00000e+00
7.97142e+03 0.00000e+00
7.97341e+03 0.00000e+00
7.97540e+03 0.00000e+00
7.97740e+03 0.00000e+00
7.97939e+03 0.00000e+00
7.98139e+03 0.00000e+00
7.98338e+03 0.00000e+00
7.98538e+03 0.00000e+00
7.98738e+03 0.00000e+00
7.98937e+03 0.00000e+00
7.99137e+03 0.00000e+00
7.99337e+03 0.00000e+00
7.99537e+03 0.00000e+00
7.99737e+03 0.00000e+00
7.99937e+03 0.00000e+00
